#   BLOCK:  TEMPERATURE:
           0    0.760606
           0    0.762646
           0    0.764747
           0    0.766902
           0    0.769107
           0    0.771358
           0    0.773648
           0    0.775973
           0    0.778327
           0    0.780703
           0    0.783097
           0    0.785501
           0    0.787912
           0    0.790325
           0    0.792732
           0    0.795129
           0     0.79751
           0    0.799871
           0    0.802206
           0    0.804509
           0    0.806776
           0    0.809002
           0    0.811183
           0    0.813313
           0     0.81539
           0    0.817409
           0    0.819366
           0    0.821258
           0    0.823082
           0    0.824835
           0    0.826514
           0    0.828116
           0    0.829637
           0    0.831076
           0    0.832431
           0    0.833702
           0    0.834885
           0    0.835979
           0    0.836983
           0    0.837898
           0    0.838724
           0    0.839459
           0    0.840103
           0    0.840659
           0    0.841126
           0    0.841504
           0    0.841794
           0    0.841996
           0    0.842114
           0    0.842149
           0    0.842105
           0     0.84198
           0    0.841778
           0      0.8415
           0     0.84115
           0     0.84073
           0    0.840244
           0    0.839695
           0    0.839087
           0    0.838423
           0    0.837707
           0    0.836942
           0    0.836133
           0    0.835284
           0      0.8344
           0    0.833482
           0    0.832536
           0    0.831564
           0    0.830573
           0    0.829565
           0    0.828545
           0    0.827517
           0    0.826485
           0    0.825452
           0    0.824423
           0    0.823401
           0    0.822389
           0    0.821392
           0    0.820413
           0    0.819454
           0    0.818519
           0    0.817612
           0    0.816733
           0    0.815885
           0    0.815072
           0    0.814295
           0    0.813557
           0    0.812858
           0    0.812201
           0    0.811587
           0    0.811017
           0    0.810493
           0    0.810015
           0    0.809584
           0    0.809201
           0    0.808866
           0     0.80858
           0    0.808343
           0    0.808154
           0    0.808014
           0    0.807923
           0     0.80788
           0    0.807885
           0    0.807938
           0    0.808039
           0    0.808186
           0     0.80838
           0    0.808619
           0    0.808903
           0    0.809233
           0    0.809606
           0    0.810023
           0    0.810483
           0    0.810985
           0    0.811529
           0    0.812114
           0     0.81274
           0    0.813406
           0    0.814111
           0    0.814855
           0    0.815637
           0    0.816457
           0    0.817315
           0    0.818209
           0    0.819138
           0    0.820102
           0    0.821099
           0     0.82213
           0    0.823195
           0    0.824291
           0    0.825419
           0    0.826576
           0    0.827763
           0    0.828978
           0    0.830219
           0    0.831486
           0    0.832776
           0    0.834088
           0    0.835422
           0    0.836776
           0    0.838148
           0    0.839537
           0    0.840941
           0    0.842358
           0    0.843786
           0    0.845223
           0    0.846668
           0    0.848117
           0    0.849568
           0    0.851019
           0    0.852469
           0    0.853914
           0    0.855352
           0    0.856782
           0    0.858201
           0    0.859607
           0    0.860997
           0     0.86237
           0    0.863724
           0    0.865056
           0    0.866365
           0    0.867647
           0    0.868901
           0    0.870125
           0    0.871316
           0    0.872474
           0    0.873597
           0    0.874683
           0    0.875729
           0    0.876736
           0      0.8777
           0     0.87862
           0    0.879497
           0    0.880328
           0    0.881113
           0     0.88185
           0    0.882541
           0    0.883183
           0    0.883776
           0    0.884318
           0     0.88481
           0     0.88525
           0    0.885639
           0    0.885975
           0    0.886259
           0    0.886491
           0    0.886672
           0      0.8868
           0    0.886876
           0    0.886899
           0     0.88687
           0    0.886789
           0    0.886656
           0    0.886471
           0    0.886233
           0    0.885944
           0    0.885603
           0    0.885212
           0    0.884771
           0     0.88428
           0     0.88374
           0     0.88315
           0    0.882512
           0    0.881826
           0    0.881093
           0    0.880314
           0    0.879489
           0    0.878619
           0    0.877705
           0    0.876747
           0    0.875746
           0    0.874701
           0    0.873615
           0    0.872486
           0    0.871314
           0    0.870102
           0    0.868848
           0    0.867554
           0    0.866219
           0    0.864845
           0    0.863433
           0    0.861983
           0    0.860495
           0    0.858971
           0     0.85741
           0    0.855812
           0    0.854179
           0    0.852512
           0     0.85081
           0    0.849075
           0    0.847306
           0    0.845502
           0    0.843666
           0    0.841797
           0    0.839897
           0    0.837965
           0    0.836004
           0    0.834013
           0    0.831994
           0    0.829946
           0    0.827872
           0    0.825771
           0    0.823646
           0    0.821498
           0    0.819326
           0    0.817133
           0     0.81492
           0    0.812686
           0    0.810434
           0    0.808166
           0    0.805883
           0    0.803587
           0    0.801277
           0    0.798957
           0    0.796629
           0    0.794295
           0    0.791957
           0    0.789616
           0    0.787275
           0    0.784934
           0    0.782596
           0    0.780262
           0    0.777934
           0    0.775614
           0    0.773304
           0    0.771008
           0    0.768727
           0    0.766462
           0    0.764216
           0    0.761992
           0     0.75979
           0    0.757614
           0    0.755465
           0    0.753345
           0    0.751255
           0    0.749198
           0    0.747175
           0    0.745187
           0    0.743237
           0    0.741327
           0    0.739456
           0    0.737627
           0    0.735841
           0      0.7341
           0    0.732406
           0    0.730759
           0    0.729161
           0    0.727612
           0    0.726113
           0    0.724666
           0     0.72327
           0    0.721929
           0    0.720641
           0    0.719408
           0     0.71823
           0    0.717108
           0     0.71604
           0    0.715028
           0    0.714072
           0    0.713172
           0     0.71233
           0    0.711545
           0    0.710817
           0    0.710147
           0    0.709533
           0    0.708976
           0    0.708475
           0    0.708029
           0     0.70764
           0    0.707307
           0     0.70703
           0    0.706808
           0    0.706641
           0    0.706529
           0     0.70647
           0    0.706465
           0    0.706514
           0    0.706616
           0    0.706769
           0    0.706974
           0    0.707229
           0    0.707534
           0    0.707887
           0    0.708289
           0    0.708739
           0    0.709235
           0    0.709777
           0    0.710364
           0    0.710996
           0    0.711671
           0     0.71239
           0    0.713151
           0    0.713951
           0    0.714791
           0    0.715669
           0    0.716586
           0     0.71754
           0    0.718528
           0    0.719551
           0    0.720606
           0    0.721692
           0    0.722809
           0    0.723955
           0    0.725129
           0    0.726328
           0    0.727553
           0    0.728801
           0    0.730072
           0    0.731363
           0    0.732674
           0    0.734004
           0     0.73535
           0    0.736711
           0    0.738087
           0    0.739475
           0    0.740876
           0    0.742289
           0    0.743711
           0    0.745142
           0    0.746579
           0    0.748022
           0    0.749468
           0    0.750918
           0    0.752369
           0     0.75382
           0    0.755271
           0     0.75672
           0    0.758166
           0    0.759609
           0    0.761047
           0    0.762481
           0    0.763906
           0    0.765323
           0     0.76673
           0    0.768126
           0     0.76951
           0    0.770881
           0    0.772239
           0    0.773582
           0    0.774909
           0    0.776219
           0    0.777511
           0    0.778785
           0    0.780039
           0    0.781274
           0    0.782487
           0    0.783679
           0    0.784848
           0    0.785994
           0    0.787116
           0    0.788212
           0    0.789283
           0    0.790328
           0    0.791346
           0    0.792336
           0    0.793298
           0    0.794232
           0    0.795136
           0    0.796011
           0    0.796854
           0    0.797667
           0    0.798448
           0    0.799197
           0    0.799914
           0    0.800599
           0     0.80125
           0    0.801868
           0    0.802453
           0    0.803003
           0    0.803518
           0    0.803998
           0    0.804444
           0    0.804855
           0     0.80523
           0     0.80557
           0    0.805875
           0    0.806143
           0    0.806375
           0    0.806571
           0    0.806731
           0    0.806856
           0    0.806945
           0    0.806997
           0    0.807013
           0    0.806994
           0    0.806939
           0    0.806848
           0    0.806721
           0     0.80656
           0    0.806362
           0    0.806129
           0     0.80586
           0    0.805556
           0    0.805216
           0    0.804842
           0    0.804435
           0    0.803995
           0    0.803521
           0    0.803014
           0    0.802474
           0    0.801903
           0    0.801301
           0    0.800668
           0    0.800004
           0    0.799311
           0     0.79859
           0    0.797841
           0    0.797066
           0    0.796267
           0    0.795444
           0    0.794597
           0     0.79373
           0    0.792843
           0    0.791936
           0    0.791012
           0    0.790072
           0    0.789117
           0    0.788151
           0    0.787173
           0    0.786186
           0    0.785192
           0    0.784192
           0    0.783187
           0    0.782181
           0    0.781174
           0     0.78017
           0     0.77917
           0    0.778177
           0    0.777192
           0    0.776218
           0    0.775257
           0    0.774311
           0    0.773383
           0    0.772475
           0    0.771589
           0    0.770727
           0     0.76989
           0    0.769082
           0    0.768303
           0    0.767557
           0    0.766845
           0    0.766168
           0    0.765529
           0    0.764929
           0     0.76437
           0    0.763852
           0    0.763379
           0     0.76295
           0    0.762569
           0    0.762235
           0    0.761948
           0    0.761711
           0    0.761522
           0    0.761383
           0    0.761295
           0    0.761257
           0     0.76127
           0    0.761334
           0    0.761448
           0    0.761611
           0    0.761824
           0    0.762085
           0    0.762394
           0     0.76275
           0    0.763154
           0    0.763601
           0    0.764092
           0    0.764625
           0    0.765198
           0    0.765811
           0    0.766461
           0    0.767147
           0    0.767866
           0    0.768618
           0      0.7694
           0    0.770212
           0     0.77105
           0    0.771913
           0      0.7728
           0    0.773708
           0    0.774634
           0    0.775577
           0    0.776535
           0    0.777506
           0    0.778488
           0    0.779479
           0    0.780478
           0    0.781483
           0    0.782493
           0    0.783506
           0     0.78452
           0    0.785532
           0    0.786542
           0    0.787549
           0     0.78855
           0    0.789545
           0    0.790532
           0    0.791508
           0    0.792475
           0     0.79343
           0    0.794372
           0      0.7953
           0    0.796213
           0    0.797112
           0    0.797994
           0    0.798861
           0    0.799713
           0    0.800548
           0    0.801366
           0    0.802168
           0    0.802954
           0    0.803724
           0    0.804477
           0    0.805215
           0    0.805939
           0    0.806647
           0    0.807342
           0    0.808024
           0    0.808695
           0    0.809354
           0    0.810004
           0    0.810644
           0    0.811276
           0    0.811902
           0    0.812525
           0    0.813144
           0    0.813761
           0    0.814377
           0    0.814994
           0    0.815612
           0    0.816232
           0    0.816856
           0    0.817484
           0    0.818119
           0     0.81876
           0    0.819408
           0    0.820065
           0     0.82073
           0    0.821404
           0    0.822088
           0    0.822782
           0    0.823486
           0    0.824199
           0    0.824922
           0    0.825654
           0    0.826395
           0    0.827143
           0    0.827899
           0    0.828659
           0    0.829425
           0    0.830195
           0    0.830967
           0    0.831738
           0    0.832507
           0    0.833272
           0    0.834031
           0    0.834782
           0    0.835525
           0    0.836257
           0    0.836976
           0     0.83768
           0    0.838368
           0    0.839039
           0    0.839689
           0    0.840318
           0    0.840924
           0    0.841506
           0    0.842063
           0    0.842592
           0    0.843092
           0    0.843564
           0    0.844005
           0    0.844414
           0    0.844793
           0    0.845139
           0    0.845452
           0    0.845735
           0    0.845985
           0    0.846202
           0    0.846387
           0     0.84654
           0    0.846663
           0    0.846755
           0    0.846817
           0     0.84685
           0    0.846854
           0    0.846831
           0    0.846783
           0    0.846709
           0    0.846613
           0    0.846496
           0    0.846358
           0    0.846202
           0    0.846028
           0    0.845839
           0    0.845635
           0    0.845418
           0    0.845192
           0    0.844957
           0    0.844715
           0    0.844466
           0    0.844212
           0    0.843954
           0    0.843695
           0    0.843436
           0    0.843179
           0    0.842925
           0    0.842674
           0     0.84243
           0    0.842194
           0    0.841966
           0    0.841746
           0    0.841537
           0     0.84134
           0    0.841156
           0    0.840986
           0     0.84083
           0     0.84069
           0    0.840566
           0    0.840458
           0    0.840368
           0    0.840295
           0    0.840243
           0    0.840211
           0    0.840199
           0    0.840207
           0    0.840237
           0    0.840287
           0    0.840359
           0    0.840452
           0    0.840567
           0    0.840703
           0    0.840861
           0    0.841041
           0    0.841242
           0    0.841464
           0    0.841709
           0    0.841976
           0    0.842265
           0    0.842575
           0    0.842906
           0    0.843257
           0     0.84363
           0    0.844022
           0    0.844434
           0    0.844864
           0    0.845313
           0    0.845781
           0    0.846267
           0    0.846771
           0     0.84729
           0    0.847825
           0    0.848376
           0    0.848943
           0    0.849524
           0    0.850119
           0    0.850725
           0    0.851341
           0    0.851967
           0    0.852603
           0    0.853245
           0    0.853895
           0    0.854551
           0     0.85521
           0    0.855873
           0    0.856537
           0    0.857201
           0    0.857864
           0    0.858524
           0     0.85918
           0     0.85983
           0    0.860472
           0    0.861102
           0    0.861721
           0    0.862325
           0    0.862914
           0    0.863485
           0    0.864035
           0    0.864563
           0    0.865066
           0    0.865542
           0     0.86599
           0    0.866407
           0    0.866792
           0    0.867142
           0    0.867456
           0    0.867731
           0    0.867964
           0    0.868154
           0    0.868299
           0    0.868397
           0    0.868447
           0    0.868447
           0    0.868394
           0    0.868288
           0    0.868128
           0    0.867912
           0    0.867638
           0    0.867305
           0    0.866913
           0    0.866461
           0    0.865947
           0    0.865372
           0    0.864734
           0    0.864035
           0    0.863272
           0    0.862447
           0     0.86156
           0    0.860612
           0    0.859603
           0    0.858534
           0    0.857405
           0    0.856218
           0    0.854974
           0    0.853675
           0    0.852324
           0    0.850921
           0    0.849468
           0    0.847966
           0    0.846417
           0    0.844826
           0    0.843193
           0    0.841522
           0    0.839815
           0    0.838074
           0    0.836303
           0    0.834502
           0    0.832676
           0    0.830827
           0    0.828958
           0    0.827072
           0    0.825172
           0    0.823262
           0    0.821344
           0    0.819423
           0      0.8175
           0    0.815579
           0    0.813661
           0     0.81175
           0    0.809848
           0    0.807959
           0    0.806085
           0    0.804229
           0    0.802392
           0    0.800578
           0    0.798787
           0    0.797023
           0    0.795288
           0    0.793583
           0    0.791909
           0    0.790269
           0    0.788663
           0    0.787093
           0    0.785559
           0    0.784063
           0    0.782605
           0    0.781185
           0    0.779803
           0     0.77846
           0    0.777156
           0    0.775893
           0    0.774668
           0    0.773482
           0    0.772333
           0     0.77122
           0    0.770142
           0    0.769099
           0    0.768088
           0    0.767108
           0    0.766158
           0    0.765237
           0    0.764343
           0    0.763473
           0    0.762627
           0    0.761802
           0    0.760996
           0    0.760208
           0    0.759436
           0    0.758678
           0    0.757932
           0    0.757195
           0    0.756467
           0    0.755746
           0    0.755029
           0    0.754315
           0    0.753603
           0    0.752891
           0    0.752178
           0    0.751462
           0    0.750742
           0    0.750017
           0    0.749286
           0    0.748547
           0    0.747801
           0    0.747047
           0    0.746285
           0    0.745517
           0    0.744741
           0     0.74396
           0    0.743172
           0    0.742379
           0    0.741582
           0    0.740783
           0    0.739982
           0    0.739182
           0    0.738384
           0    0.737591
           0    0.736805
           0    0.736027
           0    0.735262
           0    0.734512
           0     0.73378
           0    0.733067
           0    0.732378
           0    0.731715
           0    0.731081
           0    0.730478
           0     0.72991
           0    0.729379
           0    0.728887
           0    0.728437
           0     0.72803
           0    0.727668
           0    0.727353
           0    0.727088
           0    0.726871
           0    0.726705
           0    0.726588
           0    0.726523
           0    0.726508
           0    0.726542
           0    0.726624
           0    0.726754
           0     0.72693
           0     0.72715
           0    0.727413
           0    0.727715
           0    0.728055
           0     0.72843
           0    0.728839
           0    0.729277
           0    0.729743
           0    0.730234
           0    0.730747
           0    0.731279
           0    0.731827
           0     0.73239
           0    0.732964
           0    0.733547
           0    0.734135
           0    0.734726
           0     0.73532
           0    0.735915
           0    0.736508
           0    0.737097
           0    0.737683
           0    0.738264
           0    0.738841
           0    0.739411
           0    0.739975
           0    0.740532
           0    0.741081
           0    0.741626
           0    0.742163
           0    0.742696
           0    0.743225
           0    0.743751
           0    0.744275
           0    0.744797
           0     0.74532
           0    0.745844
           0    0.746371
           0    0.746904
           0    0.747443
           0    0.747991
           0     0.74855
           0    0.749123
           0    0.749711
           0    0.750315
           0    0.750937
           0    0.751579
           0    0.752243
           0    0.752931
           0    0.753644
           0    0.754385
           0    0.755155
           0    0.755955
           0    0.756788
           0    0.757655
           0    0.758558
           0    0.759496
           0    0.760473
           0    0.761488
           0    0.762543
           0    0.763638
           0    0.764774
           0    0.765951
           0     0.76717
           0    0.768432
           0    0.769735
           0     0.77108
           0    0.772468
           0    0.773896
           0    0.775364
           0    0.776872
           0    0.778418
           0    0.780002
           0    0.781621
           0    0.783277
           0    0.784967
           0    0.786689
           0    0.788442
           0    0.790222
           0    0.792028
           0    0.793858
           0    0.795708
           0    0.797578
           0    0.799465
           0    0.801365
           0    0.803276
           0    0.805195
           0     0.80712
           0    0.809048
           0    0.810975
           0    0.812897
           0    0.814811
           0    0.816715
           0    0.818605
           0    0.820479
           0    0.822334
           0    0.824167
           0    0.825973
           0    0.827752
           0    0.829501
           0    0.831216
           0    0.832894
           0    0.834533
           0     0.83613
           0    0.837683
           0    0.839191
           0    0.840649
           0    0.842056
           0     0.84341
           0    0.844709
           0    0.845951
           0    0.847132
           0    0.848251
           0    0.849307
           0      0.8503
           0    0.851225
           0    0.852083
           0    0.852871
           0    0.853589
           0    0.854235
           0     0.85481
           0    0.855311
           0    0.855739
           0    0.856094
           0    0.856374
           0    0.856581
           0    0.856713
           0     0.85677
           0    0.856751
           0    0.856658
           0     0.85649
           0    0.856246
           0    0.855928
           0    0.855534
           0    0.855067
           0    0.854527
           0    0.853913
           0    0.853226
           0    0.852469
           0    0.851642
           0    0.850748
           0    0.849787
           0    0.848759
           0    0.847666
           0    0.846509
           0     0.84529
           0     0.84401
           0    0.842671
           0    0.841275
           0    0.839824
           0    0.838319
           0    0.836762
           0    0.835156
           0    0.833503
           0    0.831804
           0    0.830064
           0    0.828285
           0    0.826469
           0     0.82462
           0    0.822739
           0    0.820829
           0    0.818894
           0    0.816936
           0     0.81496
           0    0.812969
           0    0.810964
           0    0.808949
           0    0.806927
           0    0.804903
           0    0.802878
           0    0.800859
           0    0.798846
           0    0.796844
           0    0.794855
           0    0.792884
           0    0.790934
           0    0.789009
           0     0.78711
           0    0.785243
           0     0.78341
           0    0.781612
           0    0.779854
           0    0.778139
           0     0.77647
           0    0.774849
           0    0.773279
           0    0.771763
           0    0.770303
           0    0.768903
           0    0.767563
           0    0.766287
           0    0.765075
           0     0.76393
           0    0.762854
           0    0.761847
           0    0.760911
           0    0.760047
           0    0.759257
           0    0.758541
           0    0.757902
           0    0.757338
           0    0.756851
           0    0.756443
           0    0.756111
           0    0.755858
           0    0.755682
           0    0.755584
           0    0.755564
           0    0.755621
           0    0.755755
           0    0.755965
           0    0.756249
           0    0.756609
           0    0.757041
           0    0.757544
           0    0.758119
           0    0.758762
           0    0.759473
           0     0.76025
           0    0.761091
           0    0.761995
           0    0.762959
           0    0.763982
           0    0.765061
           0    0.766194
           0    0.767379
           0    0.768613
           0    0.769894
           0     0.77122
           0    0.772587
           0    0.773993
           0    0.775436
           0    0.776911
           0    0.778418
           0    0.779954
           0    0.781515
           0    0.783099
           0    0.784702
           0    0.786323
           0    0.787958
           0    0.789604
           0    0.791258
           0    0.792916
           0    0.794577
           0    0.796236
           0    0.797892
           0    0.799541
           0    0.801181
           0     0.80281
           0    0.804424
           0     0.80602
           0    0.807596
           0    0.809149
           0    0.810676
           0    0.812175
           0    0.813644
           0     0.81508
           0    0.816482
           0    0.817846
           0    0.819172
           0    0.820455
           0    0.821695
           0     0.82289
           0    0.824036
           0    0.825135
           0    0.826182
           0    0.827177
           0    0.828118
           0    0.829005
           0    0.829836
           0    0.830609
           0    0.831323
           0    0.831976
           0    0.832568
           0      0.8331
           0     0.83357
           0    0.833977
           0    0.834319
           0    0.834596
           0     0.83481
           0    0.834959
           0    0.835044
           0    0.835063
           0    0.835018
           0     0.83491
           0    0.834738
           0    0.834503
           0    0.834206
           0    0.833846
           0    0.833425
           0    0.832945
           0    0.832404
           0    0.831806
           0    0.831151
           0    0.830441
           0    0.829677
           0    0.828861
           0    0.827992
           0    0.827074
           0    0.826108
           0    0.825097
           0    0.824041
           0    0.822944
           0    0.821807
           0    0.820632
           0    0.819422
           0    0.818179
           0    0.816904
           0    0.815601
           0    0.814272
           0    0.812919
           0    0.811546
           0    0.810155
           0    0.808749
           0     0.80733
           0    0.805901
           0    0.804464
           0    0.803023
           0    0.801581
           0    0.800141
           0    0.798707
           0     0.79728
           0    0.795864
           0    0.794461
           0    0.793073
           0    0.791704
           0    0.790358
           0    0.789037
           0    0.787743
           0    0.786479
           0    0.785248
           0    0.784053
           0    0.782896
           0    0.781779
           0    0.780704
           0    0.779675
           0    0.778692
           0    0.777756
           0    0.776871
           0    0.776037
           0    0.775256
           0     0.77453
           0     0.77386
           0    0.773247
           0    0.772691
           0    0.772192
           0    0.771752
           0    0.771371
           0    0.771049
           0    0.770788
           0    0.770586
           0    0.770443
           0    0.770359
           0    0.770333
           0    0.770366
           0    0.770457
           0    0.770604
           0    0.770807
           0    0.771064
           0    0.771375
           0     0.77174
           0    0.772157
           0    0.772624
           0    0.773141
           0    0.773705
           0    0.774317
           0    0.774974
           0    0.775675
           0    0.776419
           0    0.777204
           0     0.77803
           0    0.778895
           0    0.779796
           0    0.780734
           0    0.781706
           0    0.782711
           0    0.783747
           0    0.784813
           0    0.785907
           0    0.787029
           0    0.788176
           0    0.789349
           0    0.790544
           0    0.791764
           0    0.793005
           0    0.794268
           0     0.79555
           0    0.796852
           0    0.798172
           0    0.799507
           0    0.800858
           0    0.802223
           0    0.803601
           0     0.80499
           0    0.806389
           0    0.807797
           0    0.809212
           0    0.810633
           0     0.81206
           0    0.813491
           0    0.814925
           0    0.816362
           0      0.8178
           0    0.819238
           0    0.820675
           0     0.82211
           0    0.823543
           0    0.824971
           0    0.826394
           0     0.82781
           0    0.829219
           0     0.83062
           0    0.832011
           0    0.833392
           0    0.834762
           0     0.83612
           0    0.837463
           0    0.838793
           0    0.840106
           0    0.841403
           0    0.842683
           0    0.843944
           0    0.845188
           0    0.846412
           0    0.847617
           0    0.848802
           0    0.849965
           0    0.851108
           0    0.852229
           0    0.853326
           0    0.854401
           0    0.855453
           0     0.85648
           0    0.857483
           0    0.858463
           0    0.859419
           0     0.86035
           0    0.861257
           0    0.862141
           0    0.863002
           0    0.863839
           0    0.864653
           0    0.865445
           0    0.866214
           0    0.866961
           0    0.867687
           0    0.868392
           0    0.869075
           0    0.869737
           0    0.870378
           0    0.870999
           0    0.871601
           0    0.872184
           0    0.872749
           0    0.873295
           0    0.873825
           0    0.874337
           0    0.874834
           0    0.875314
           0    0.875778
           0    0.876228
           0    0.876664
           0    0.877086
           0    0.877496
           0    0.877892
           0    0.878277
           0     0.87865
           0    0.879011
           0    0.879361
           0    0.879701
           0    0.880031
           0    0.880352
           0    0.880663
           0    0.880966
           0    0.881261
           0    0.881546
           0    0.881823
           0    0.882092
           0    0.882353
           0    0.882606
           0    0.882853
           0    0.883093
           0    0.883325
           0     0.88355
           0    0.883768
           0    0.883977
           0     0.88418
           0    0.884376
           0    0.884565
           0    0.884747
           0    0.884922
           0     0.88509
           0    0.885252
           0    0.885406
           0    0.885554
           0    0.885696
           0    0.885831
           0    0.885957
           0    0.886075
           0    0.886183
           0    0.886281
           0    0.886368
           0    0.886446
           0    0.886513
           0    0.886568
           0    0.886612
           0    0.886642
           0    0.886657
           0    0.886655
           0    0.886636
           0    0.886599
           0    0.886542
           0    0.886463
           0    0.886361
           0    0.886234
           0    0.886081
           0    0.885899
           0    0.885688
           0    0.885446
           0    0.885171
           0    0.884862
           0    0.884517
           0    0.884133
           0    0.883709
           0    0.883243
           0    0.882731
           0    0.882172
           0    0.881564
           0    0.880904
           0    0.880191
           0    0.879422
           0    0.878596
           0    0.877712
           0    0.876768
           0    0.875762
           0    0.874692
           0    0.873558
           0    0.872358
           0    0.871091
           0    0.869756
           0    0.868352
           0    0.866878
           0    0.865335
           0    0.863721
           0    0.862037
           0    0.860281
           0    0.858454
           0    0.856557
           0    0.854589
           0     0.85255
           0    0.850441
           0    0.848263
           0    0.846016
           0    0.843704
           0    0.841328
           0    0.838888
           0    0.836388
           0    0.833829
           0    0.831211
           0    0.828537
           0    0.825809
           0    0.823031
           0    0.820204
           0    0.817332
           0    0.814418
           0    0.811466
           0    0.808476
           0    0.805454
           0    0.802403
           0    0.799326
           0    0.796227
           0    0.793109
           0    0.789975
           0     0.78683
           0    0.783676
           0     0.78052
           0    0.777364
           0    0.774213
           0    0.771071
           0    0.767941
           0    0.764829
           0    0.761739
           0    0.758674
           0     0.75564
           0     0.75264
           0    0.749679
           0     0.74676
           0    0.743887
           0    0.741066
           0      0.7383
           0    0.735593
           0    0.732949
           0    0.730373
           0    0.727868
           0    0.725438
           0    0.723087
           0    0.720818
           0    0.718635
           0     0.71654
           0    0.714537
           0    0.712627
           0    0.710813
           0    0.709098
           0    0.707484
           0    0.705972
           0    0.704565
           0    0.703264
           0    0.702071
           0    0.700987
           0    0.700013
           0    0.699149
           0    0.698395
           0    0.697752
           0     0.69722
           0    0.696799
           0    0.696487
           0    0.696284
           0    0.696188
           0      0.6962
           0    0.696317
           0    0.696537
           0     0.69686
           0    0.697284
           0    0.697807
           0    0.698427
           0    0.699142
           0     0.69995
           0    0.700847
           0    0.701832
           0    0.702901
           0     0.70405
           0     0.70528
           0    0.706586
           0    0.707964
           0    0.709412
           0    0.710927
           0    0.712506
           0    0.714146
           0    0.715842
           0    0.717592
           0    0.719392
           0    0.721239
           0     0.72313
           0    0.725062
           0     0.72703
           0    0.729033
           0    0.731067
           0    0.733128
           0    0.735214
           0    0.737323
           0    0.739452
           0    0.741596
           0    0.743753
           0    0.745919
           0    0.748092
           0    0.750268
           0    0.752445
           0    0.754621
           0    0.756791
           0    0.758955
           0    0.761108
           0    0.763249
           0    0.765375
           0    0.767483
           0    0.769571
           0    0.771638
           0     0.77368
           0    0.775695
           0    0.777681
           0    0.779636
           0    0.781559
           0    0.783448
           0    0.785301
           0    0.787115
           0     0.78889
           0    0.790622
           0    0.792311
           0    0.793955
           0    0.795554
           0    0.797107
           0    0.798612
           0    0.800068
           0    0.801474
           0    0.802829
           0    0.804132
           0    0.805384
           0    0.806583
           0    0.807728
           0    0.808819
           0    0.809855
           0    0.810835
           0     0.81176
           0     0.81263
           0    0.813446
           0    0.814205
           0    0.814909
           0    0.815558
           0    0.816153
           0    0.816693
           0    0.817178
           0     0.81761
           0    0.817989
           0    0.818315
           0     0.81859
           0    0.818814
           0    0.818987
           0    0.819111
           0    0.819186
           0    0.819215
           0    0.819197
           0    0.819134
           0    0.819026
           0    0.818877
           0    0.818687
           0    0.818455
           0    0.818182
           0    0.817873
           0    0.817526
           0    0.817143
           0    0.816725
           0    0.816273
           0    0.815787
           0     0.81527
           0    0.814721
           0    0.814143
           0    0.813536
           0    0.812903
           0    0.812245
           0    0.811564
           0    0.810858
           0    0.810131
           0    0.809383
           0    0.808617
           0    0.807831
           0    0.807029
           0    0.806212
           0    0.805381
           0    0.804538
           0    0.803685
           0    0.802821
           0    0.801949
           0    0.801069
           0    0.800182
           0    0.799291
           0    0.798397
           0    0.797501
           0    0.796604
           0    0.795708
           0    0.794815
           0    0.793925
           0     0.79304
           0    0.792162
           0     0.79129
           0    0.790425
           0    0.789571
           0    0.788727
           0    0.787896
           0    0.787077
           0    0.786272
           0    0.785483
           0    0.784711
           0    0.783955
           0    0.783218
           0    0.782502
           0    0.781806
           0    0.781133
           0    0.780482
           0    0.779854
           0    0.779249
           0    0.778669
           0    0.778115
           0    0.777587
           0    0.777084
           0    0.776607
           0    0.776156
           0    0.775733
           0    0.775336
           0    0.774967
           0    0.774626
           0    0.774313
           0    0.774027
           0    0.773767
           0    0.773534
           0    0.773327
           0    0.773146
           0    0.772991
           0    0.772862
           0    0.772759
           0     0.77268
           0    0.772625
           0    0.772594
           0    0.772584
           0    0.772597
           0    0.772631
           0    0.772687
           0    0.772762
           0    0.772857
           0    0.772968
           0    0.773096
           0     0.77324
           0    0.773399
           0    0.773572
           0    0.773756
           0    0.773953
           0     0.77416
           0    0.774377
           0    0.774601
           0    0.774833
           0    0.775071
           0    0.775313
           0     0.77556
           0    0.775809
           0     0.77606
           0    0.776311
           0    0.776561
           0     0.77681
           0    0.777057
           0      0.7773
           0    0.777539
           0    0.777773
           0    0.778001
           0    0.778221
           0    0.778433
           0    0.778638
           0    0.778833
           0    0.779018
           0    0.779193
           0    0.779356
           0    0.779507
           0    0.779647
           0    0.779773
           0    0.779887
           0    0.779988
           0    0.780076
           0    0.780151
           0    0.780211
           0    0.780257
           0    0.780288
           0    0.780305
           0    0.780308
           0    0.780297
           0    0.780273
           0    0.780236
           0    0.780186
           0    0.780124
           0    0.780051
           0    0.779968
           0    0.779874
           0    0.779771
           0    0.779659
           0     0.77954
           0    0.779414
           0    0.779282
           0    0.779145
           0    0.779004
           0    0.778859
           0    0.778714
           0    0.778569
           0    0.778425
           0    0.778284
           0    0.778148
           0    0.778017
           0    0.777895
           0    0.777781
           0    0.777679
           0    0.777588
           0    0.777513
           0    0.777452
           0    0.777409
           0    0.777384
           0    0.777379
           0    0.777396
           0    0.777437
           0    0.777502
           0    0.777594
           0    0.777715
           0    0.777866
           0    0.778049
           0    0.778264
           0    0.778515
           0    0.778802
           0    0.779127
           0    0.779492
           0    0.779897
           0    0.780343
           0     0.78083
           0     0.78136
           0    0.781933
           0     0.78255
           0    0.783213
           0    0.783922
           0    0.784676
           0    0.785476
           0    0.786321
           0    0.787214
           0    0.788152
           0    0.789137
           0    0.790168
           0    0.791245
           0     0.79237
           0    0.793538
           0    0.794752
           0    0.796011
           0    0.797311
           0    0.798653
           0    0.800036
           0    0.801458
           0    0.802917
           0    0.804412
           0    0.805942
           0    0.807504
           0    0.809096
           0    0.810716
           0    0.812364
           0    0.814036
           0     0.81573
           0    0.817445
           0    0.819179
           0    0.820931
           0    0.822698
           0    0.824477
           0    0.826266
           0    0.828061
           0    0.829862
           0    0.831665
           0    0.833468
           0     0.83527
           0    0.837067
           0    0.838856
           0    0.840636
           0    0.842404
           0    0.844157
           0    0.845894
           0    0.847611
           0    0.849307
           0     0.85098
           0    0.852627
           0    0.854245
           0    0.855834
           0    0.857391
           0    0.858913
           0      0.8604
           0    0.861849
           0    0.863258
           0    0.864626
           0     0.86595
           0    0.867229
           0    0.868462
           0    0.869646
           0    0.870782
           0    0.871867
           0    0.872901
           0    0.873881
           0    0.874808
           0    0.875679
           0    0.876495
           0    0.877254
           0    0.877957
           0    0.878602
           0     0.87919
           0    0.879718
           0    0.880188
           0    0.880599
           0    0.880954
           0    0.881249
           0    0.881484
           0     0.88166
           0    0.881776
           0    0.881834
           0    0.881833
           0    0.881773
           0    0.881655
           0    0.881479
           0    0.881245
           0    0.880952
           0    0.880603
           0    0.880197
           0    0.879734
           0    0.879216
           0    0.878642
           0    0.878015
           0    0.877335
           0    0.876602
           0    0.875819
           0    0.874986
           0    0.874104
           0    0.873174
           0    0.872196
           0    0.871171
           0      0.8701
           0    0.868985
           0    0.867827
           0    0.866628
           0    0.865388
           0    0.864108
           0    0.862789
           0    0.861433
           0     0.86004
           0    0.858612
           0     0.85715
           0    0.855656
           0    0.854131
           0    0.852575
           0    0.850991
           0    0.849379
           0    0.847742
           0    0.846081
           0    0.844398
           0    0.842695
           0    0.840972
           0    0.839231
           0    0.837473
           0    0.835699
           0    0.833913
           0    0.832114
           0    0.830306
           0    0.828488
           0    0.826664
           0    0.824833
           0       0.823
           0    0.821165
           0    0.819332
           0    0.817501
           0    0.815673
           0    0.813851
           0    0.812037
           0    0.810231
           0    0.808437
           0    0.806656
           0     0.80489
           0    0.803141
           0    0.801413
           0    0.799706
           0    0.798023
           0    0.796366
           0    0.794736
           0    0.793134
           0    0.791564
           0    0.790027
           0    0.788524
           0    0.787058
           0    0.785629
           0    0.784241
           0    0.782893
           0    0.781589
           0    0.780329
           0    0.779114
           0    0.777947
           0    0.776828
           0    0.775758
           0     0.77474
           0    0.773773
           0    0.772859
           0    0.771998
           0    0.771191
           0    0.770438
           0     0.76974
           0    0.769097
           0     0.76851
           0    0.767979
           0    0.767504
           0    0.767086
           0    0.766723
           0    0.766416
           0    0.766164
           0    0.765967
           0    0.765825
           0    0.765737
           0    0.765703
           0    0.765721
           0    0.765791
           0    0.765913
           0    0.766085
           0    0.766306
           0    0.766574
           0    0.766888
           0    0.767246
           0    0.767647
           0    0.768089
           0    0.768571
           0    0.769093
           0    0.769652
           0    0.770248
           0    0.770878
           0    0.771541
           0    0.772234
           0    0.772956
           0    0.773707
           0    0.774485
           0    0.775287
           0    0.776113
           0    0.776963
           0    0.777833
           0    0.778722
           0    0.779628
           0     0.78055
           0    0.781486
           0    0.782435
           0    0.783394
           0    0.784362
           0    0.785337
           0    0.786318
           0    0.787302
           0     0.78829
           0     0.78928
           0    0.790269
           0    0.791258
           0    0.792244
           0    0.793227
           0    0.794205
           0    0.795177
           0    0.796143
           0    0.797099
           0    0.798046
           0    0.798983
           0    0.799908
           0    0.800821
           0     0.80172
           0    0.802604
           0    0.803474
           0    0.804327
           0    0.805165
           0    0.805987
           0    0.806791
           0    0.807578
           0    0.808346
           0    0.809097
           0     0.80983
           0    0.810543
           0    0.811238
           0    0.811914
           0    0.812571
           0     0.81321
           0    0.813829
           0    0.814431
           0    0.815015
           0    0.815581
           0     0.81613
           0    0.816663
           0     0.81718
           0    0.817682
           0    0.818169
           0    0.818641
           0    0.819099
           0    0.819544
           0    0.819976
           0    0.820397
           0    0.820806
           0    0.821204
           0    0.821589
           0    0.821964
           0    0.822329
           0    0.822683
           0    0.823027
           0    0.823361
           0    0.823686
           0       0.824
           0    0.824304
           0    0.824596
           0    0.824877
           0    0.825146
           0    0.825404
           0    0.825649
           0    0.825882
           0    0.826104
           0    0.826312
           0    0.826505
           0    0.826682
           0    0.826843
           0    0.826986
           0     0.82711
           0    0.827214
           0    0.827297
           0    0.827358
           0    0.827395
           0     0.82741
           0      0.8274
           0    0.827364
           0    0.827301
           0     0.82721
           0     0.82709
           0     0.82694
           0    0.826758
           0    0.826545
           0    0.826298
           0    0.826016
           0    0.825699
           0    0.825345
           0    0.824953
           0    0.824524
           0    0.824058
           0    0.823554
           0    0.823011
           0     0.82243
           0    0.821808
           0    0.821148
           0    0.820448
           0     0.81971
           0    0.818933
           0    0.818118
           0    0.817265
           0    0.816376
           0    0.815451
           0     0.81449
           0    0.813495
           0    0.812466
           0    0.811407
           0    0.810317
           0    0.809197
           0     0.80805
           0    0.806878
           0    0.805682
           0    0.804462
           0     0.80322
           0    0.801959
           0    0.800681
           0    0.799388
           0    0.798081
           0    0.796763
           0    0.795435
           0      0.7941
           0    0.792759
           0    0.791414
           0    0.790068
           0    0.788724
           0    0.787383
           0    0.786047
           0    0.784719
           0      0.7834
           0    0.782092
           0    0.780797
           0    0.779518
           0    0.778255
           0    0.777012
           0    0.775788
           0    0.774585
           0    0.773405
           0    0.772251
           0    0.771123
           0    0.770022
           0    0.768948
           0    0.767904
           0    0.766891
           0     0.76591
           0     0.76496
           0    0.764042
           0    0.763157
           0    0.762306
           0    0.761487
           0    0.760702
           0     0.75995
           0    0.759232
           0    0.758547
           0    0.757896
           0    0.757278
           0    0.756693
           0     0.75614
           0    0.755619
           0     0.75513
           0    0.754672
           0    0.754245
           0    0.753849
           0    0.753482
           0    0.753143
           0    0.752834
           0    0.752552
           0    0.752297
           0    0.752068
           0    0.751865
           0    0.751687
           0    0.751533
           0    0.751403
           0    0.751296
           0    0.751211
           0    0.751149
           0    0.751109
           0    0.751089
           0     0.75109
           0    0.751111
           0    0.751154
           0    0.751216
           0    0.751298
           0      0.7514
           0    0.751521
           0    0.751661
           0     0.75182
           0    0.751998
           0    0.752195
           0     0.75241
           0    0.752645
           0    0.752897
           0    0.753169
           0    0.753459
           0    0.753768
           0    0.754097
           0    0.754446
           0    0.754814
           0    0.755202
           0    0.755608
           0    0.756035
           0    0.756483
           0    0.756951
           0    0.757439
           0    0.757948
           0    0.758477
           0    0.759027
           0    0.759598
           0    0.760191
           0    0.760806
           0    0.761443
           0    0.762101
           0    0.762781
           0    0.763485
           0    0.764212
           0    0.764962
           0    0.765735
           0     0.76653
           0    0.767348
           0    0.768188
           0    0.769051
           0    0.769938
           0    0.770847
           0    0.771779
           0    0.772736
           0    0.773716
           0    0.774721
           0     0.77575
           0    0.776804
           0    0.777882
           0    0.778985
           0    0.780113
           0    0.781266
           0    0.782443
           0    0.783644
           0    0.784869
           0    0.786117
           0    0.787389
           0    0.788686
           0    0.790005
           0    0.791347
           0    0.792711
           0    0.794097
           0    0.795505
           0    0.796934
           0    0.798384
           0    0.799854
           0    0.801343
           0    0.802851
           0    0.804377
           0    0.805919
           0    0.807477
           0    0.809051
           0    0.810638
           0    0.812238
           0     0.81385
           0    0.815472
           0    0.817104
           0    0.818744
           0    0.820391
           0    0.822044
           0    0.823701
           0    0.825361
           0    0.827023
           0    0.828685
           0    0.830346
           0    0.832004
           0    0.833659
           0    0.835309
           0    0.836953
           0    0.838588
           0    0.840213
           0    0.841826
           0    0.843426
           0    0.845011
           0    0.846579
           0    0.848129
           0    0.849657
           0    0.851163
           0    0.852645
           0    0.854101
           0     0.85553
           0    0.856929
           0    0.858297
           0    0.859633
           0    0.860934
           0      0.8622
           0    0.863428
           0    0.864618
           0    0.865769
           0    0.866877
           0    0.867942
           0     0.86896
           0    0.869931
           0    0.870853
           0    0.871725
           0    0.872546
           0    0.873314
           0    0.874028
           0    0.874687
           0    0.875292
           0    0.875841
           0     0.87633
           0    0.876761
           0    0.877131
           0    0.877439
           0    0.877684
           0    0.877865
           0    0.877982
           0    0.878035
           0    0.878023
           0    0.877946
           0    0.877803
           0    0.877595
           0     0.87732
           0    0.876979
           0    0.876571
           0    0.876097
           0    0.875556
           0     0.87495
           0    0.874278
           0    0.873541
           0    0.872741
           0    0.871878
           0    0.870952
           0    0.869964
           0    0.868916
           0    0.867807
           0    0.866639
           0    0.865413
           0    0.864131
           0    0.862794
           0    0.861404
           0    0.859961
           0    0.858467
           0    0.856923
           0     0.85533
           0    0.853691
           0    0.852007
           0    0.850281
           0    0.848515
           0     0.84671
           0    0.844868
           0     0.84299
           0    0.841078
           0    0.839135
           0    0.837163
           0    0.835163
           0    0.833138
           0     0.83109
           0     0.82902
           0    0.826931
           0    0.824825
           0    0.822705
           0    0.820573
           0    0.818431
           0    0.816283
           0    0.814129
           0    0.811972
           0    0.809814
           0    0.807658
           0    0.805504
           0    0.803357
           0    0.801217
           0    0.799087
           0     0.79697
           0    0.794868
           0    0.792783
           0    0.790717
           0    0.788673
           0    0.786652
           0    0.784656
           0    0.782686
           0    0.780746
           0    0.778835
           0    0.776957
           0    0.775112
           0    0.773302
           0    0.771527
           0     0.76979
           0    0.768091
           0    0.766433
           0    0.764817
           0    0.763244
           0    0.761715
           0     0.76023
           0    0.758789
           0    0.757395
           0    0.756047
           0    0.754746
           0    0.753492
           0    0.752287
           0     0.75113
           0    0.750021
           0    0.748961
           0    0.747951
           0    0.746991
           0    0.746079
           0    0.745216
           0      0.7444
           0    0.743632
           0    0.742912
           0    0.742241
           0    0.741616
           0    0.741037
           0    0.740505
           0    0.740018
           0    0.739576
           0    0.739178
           0    0.738824
           0    0.738512
           0    0.738243
           0    0.738016
           0     0.73783
           0    0.737685
           0     0.73758
           0    0.737515
           0    0.737489
           0    0.737503
           0    0.737554
           0    0.737643
           0    0.737769
           0    0.737931
           0    0.738128
           0    0.738361
           0    0.738629
           0    0.738934
           0    0.739273
           0    0.739647
           0    0.740055
           0    0.740495
           0    0.740967
           0    0.741472
           0    0.742009
           0    0.742577
           0    0.743176
           0    0.743808
           0     0.74447
           0    0.745164
           0    0.745888
           0    0.746641
           0    0.747424
           0    0.748236
           0    0.749076
           0    0.749945
           0    0.750842
           0    0.751768
           0    0.752721
           0    0.753701
           0    0.754707
           0    0.755738
           0    0.756794
           0    0.757875
           0    0.758981
           0    0.760109
           0    0.761261
           0    0.762435
           0    0.763632
           0    0.764848
           0    0.766085
           0    0.767341
           0    0.768615
           0    0.769908
           0    0.771218
           0    0.772545
           0    0.773886
           0    0.775242
           0    0.776613
           0    0.777998
           0    0.779394
           0      0.7808
           0    0.782215
           0    0.783639
           0    0.785069
           0    0.786506
           0    0.787948
           0    0.789395
           0    0.790845
           0    0.792298
           0    0.793751
           0    0.795205
           0    0.796658
           0    0.798109
           0    0.799556
           0    0.800999
           0    0.802435
           0    0.803864
           0    0.805283
           0    0.806694
           0    0.808094
           0    0.809482
           0    0.810856
           0    0.812216
           0     0.81356
           0    0.814887
           0    0.816197
           0    0.817487
           0    0.818756
           0    0.820002
           0    0.821224
           0    0.822422
           0    0.823594
           0    0.824738
           0    0.825854
           0    0.826939
           0    0.827994
           0    0.829017
           0    0.830007
           0    0.830961
           0    0.831881
           0    0.832764
           0     0.83361
           0    0.834417
           0    0.835185
           0    0.835912
           0    0.836598
           0    0.837242
           0    0.837843
           0    0.838399
           0    0.838911
           0    0.839377
           0    0.839796
           0     0.84017
           0    0.840497
           0    0.840777
           0    0.841008
           0    0.841189
           0    0.841322
           0    0.841404
           0    0.841436
           0    0.841418
           0     0.84135
           0     0.84123
           0     0.84106
           0    0.840838
           0    0.840567
           0    0.840246
           0    0.839875
           0    0.839455
           0    0.838987
           0    0.838469
           0    0.837902
           0    0.837288
           0    0.836626
           0    0.835916
           0    0.835161
           0     0.83436
           0    0.833515
           0    0.832627
           0    0.831696
           0    0.830725
           0    0.829715
           0    0.828667
           0    0.827581
           0    0.826459
           0    0.825303
           0    0.824115
           0    0.822894
           0    0.821644
           0    0.820365
           0     0.81906
           0     0.81773
           0    0.816377
           0    0.815002
           0    0.813608
           0    0.812198
           0    0.810772
           0    0.809331
           0    0.807879
           0    0.806418
           0     0.80495
           0    0.803476
           0       0.802
           0    0.800523
           0    0.799047
           0    0.797574
           0    0.796107
           0    0.794649
           0      0.7932
           0    0.791763
           0    0.790341
           0    0.788936
           0    0.787549
           0    0.786184
           0    0.784842
           0    0.783525
           0    0.782234
           0    0.780971
           0    0.779738
           0    0.778537
           0     0.77737
           0     0.77624
           0    0.775147
           0    0.774092
           0    0.773078
           0    0.772106
           0    0.771176
           0     0.77029
           0     0.76945
           0    0.768658
           0    0.767913
           0    0.767217
           0    0.766569
           0    0.765971
           0    0.765423
           0    0.764925
           0    0.764477
           0     0.76408
           0    0.763734
           0    0.763438
           0    0.763193
           0    0.762998
           0    0.762853
           0    0.762757
           0     0.76271
           0    0.762711
           0    0.762759
           0    0.762854
           0    0.762994
           0    0.763181
           0    0.763411
           0    0.763684
           0    0.763998
           0    0.764353
           0    0.764749
           0    0.765184
           0    0.765656
           0    0.766163
           0    0.766705
           0     0.76728
           0    0.767887
           0    0.768525
           0    0.769191
           0    0.769885
           0    0.770604
           0    0.771347
           0    0.772113
           0    0.772902
           0    0.773714
           0    0.774545
           0    0.775395
           0    0.776263
           0    0.777148
           0    0.778048
           0    0.778965
           0    0.779898
           0    0.780844
           0    0.781803
           0    0.782775
           0    0.783758
           0    0.784752
           0    0.785758
           0    0.786773
           0    0.787798
           0    0.788833
           0    0.789876
           0    0.790928
           0    0.791987
           0    0.793053
           0    0.794126
           0    0.795205
           0    0.796291
           0    0.797382
           0    0.798477
           0    0.799576
           0    0.800677
           0    0.801781
           0    0.802887
           0    0.803993
           0    0.805098
           0      0.8062
           0    0.807298
           0    0.808391
           0    0.809478
           0    0.810558
           0     0.81163
           0    0.812694
           0    0.813746
           0    0.814786
           0    0.815813
           0    0.816826
           0    0.817821
           0      0.8188
           0    0.819759
           0    0.820698
           0    0.821615
           0    0.822509
           0    0.823378
           0    0.824223
           0    0.825041
           0    0.825832
           0    0.826595
           0    0.827329
           0    0.828033
           0    0.828708
           0    0.829351
           0    0.829962
           0    0.830541
           0    0.831088
           0    0.831604
           0    0.832089
           0    0.832542
           0    0.832962
           0     0.83335
           0    0.833707
           0    0.834033
           0    0.834329
           0    0.834596
           0    0.834834
           0    0.835044
           0    0.835227
           0    0.835382
           0    0.835512
           0    0.835617
           0    0.835698
           0    0.835758
           0    0.835798
           0    0.835817
           0    0.835817
           0    0.835799
           0    0.835765
           0    0.835716
           0    0.835654
           0    0.835579
           0    0.835491
           0    0.835391
           0    0.835282
           0    0.835165
           0     0.83504
           0    0.834909
           0    0.834773
           0    0.834632
           0    0.834487
           0     0.83434
           0    0.834193
           0    0.834046
           0    0.833901
           0    0.833757
           0    0.833615
           0    0.833477
           0    0.833342
           0    0.833215
           0    0.833095
           0    0.832981
           0    0.832873
           0    0.832772
           0    0.832679
           0    0.832594
           0    0.832518
           0    0.832449
           0    0.832388
           0    0.832335
           0     0.83229
           0    0.832254
           0    0.832225
           0    0.832205
           0    0.832192
           0    0.832185
           0    0.832184
           0    0.832189
           0    0.832198
           0    0.832211
           0    0.832228
           0    0.832246
           0    0.832265
           0    0.832283
           0    0.832299
           0    0.832312
           0    0.832322
           0    0.832327
           0    0.832325
           0    0.832314
           0    0.832295
           0    0.832264
           0    0.832221
           0    0.832163
           0    0.832088
           0    0.831997
           0    0.831887
           0    0.831756
           0    0.831602
           0    0.831426
           0    0.831226
           0       0.831
           0    0.830746
           0    0.830464
           0    0.830152
           0    0.829808
           0    0.829432
           0    0.829022
           0    0.828577
           0    0.828097
           0    0.827581
           0     0.82703
           0    0.826442
           0    0.825816
           0    0.825154
           0    0.824453
           0    0.823715
           0    0.822939
           0    0.822126
           0    0.821276
           0    0.820391
           0    0.819472
           0    0.818519
           0    0.817533
           0    0.816515
           0    0.815468
           0    0.814393
           0     0.81329
           0    0.812163
           0    0.811012
           0    0.809839
           0    0.808646
           0    0.807435
           0    0.806209
           0    0.804971
           0    0.803724
           0    0.802471
           0    0.801215
           0    0.799957
           0      0.7987
           0    0.797448
           0    0.796203
           0     0.79497
           0    0.793749
           0    0.792546
           0    0.791362
           0      0.7902
           0    0.789064
           0    0.787957
           0    0.786883
           0    0.785845
           0    0.784846
           0    0.783889
           0    0.782976
           0    0.782111
           0    0.781295
           0    0.780532
           0    0.779825
           0    0.779176
           0    0.778587
           0     0.77806
           0    0.777599
           0    0.777205
           0    0.776881
           0    0.776629
           0    0.776452
           0    0.776349
           0    0.776324
           0    0.776377
           0    0.776509
           0    0.776721
           0    0.777015
           0    0.777391
           0     0.77785
           0    0.778392
           0    0.779016
           0    0.779723
           0    0.780512
           0    0.781383
           0    0.782335
           0    0.783367
           0    0.784478
           0    0.785668
           0    0.786933
           0    0.788273
           0    0.789685
           0    0.791166
           0    0.792715
           0    0.794329
           0    0.796005
           0     0.79774
           0    0.799532
           0    0.801378
           0    0.803273
           0    0.805213
           0    0.807193
           0    0.809212
           0    0.811263
           0    0.813344
           0     0.81545
           0    0.817576
           0    0.819719
           0    0.821872
           0    0.824032
           0    0.826195
           0    0.828355
           0     0.83051
           0    0.832652
           0     0.83478
           0    0.836888
           0    0.838972
           0    0.841028
           0    0.843052
           0     0.84504
           0    0.846989
           0    0.848895
           0    0.850755
           0    0.852565
           0    0.854321
           0    0.856022
           0    0.857665
           0    0.859247
           0    0.860763
           0    0.862213
           0    0.863594
           0    0.864904
           0    0.866142
           0    0.867305
           0    0.868392
           0    0.869402
           0    0.870333
           0    0.871187
           0    0.871961
           0    0.872654
           0    0.873265
           0    0.873793
           0    0.874239
           0    0.874602
           0    0.874882
           0     0.87508
           0    0.875195
           0    0.875228
           0    0.875178
           0    0.875047
           0    0.874835
           0    0.874543
           0    0.874173
           0    0.873724
           0    0.873197
           0    0.872593
           0    0.871913
           0    0.871158
           0     0.87033
           0    0.869429
           0    0.868456
           0    0.867413
           0    0.866301
           0    0.865122
           0    0.863876
           0    0.862566
           0    0.861193
           0    0.859759
           0    0.858264
           0    0.856712
           0    0.855102
           0    0.853437
           0    0.851719
           0     0.84995
           0    0.848131
           0    0.846263
           0     0.84435
           0    0.842393
           0    0.840393
           0    0.838352
           0    0.836273
           0    0.834157
           0    0.832007
           0    0.829823
           0    0.827608
           0    0.825361
           0    0.823086
           0    0.820784
           0    0.818456
           0    0.816104
           0    0.813731
           0    0.811336
           0    0.808921
           0     0.80649
           0    0.804042
           0    0.801581
           0    0.799106
           0    0.796619
           0    0.794122
           0    0.791616
           0    0.789101
           0    0.786581
           0    0.784054
           0    0.781524
           0    0.778989
           0    0.776453
           0    0.773917
           0    0.771382
           0     0.76885
           0     0.76632
           0    0.763796
           0    0.761276
           0    0.758763
           0    0.756258
           0    0.753763
           0    0.751279
           0    0.748806
           0    0.746346
           0      0.7439
           0     0.74147
           0    0.739057
           0    0.736663
           0     0.73429
           0    0.731939
           0    0.729613
           0    0.727312
           0    0.725038
           0    0.722793
           0    0.720579
           0    0.718398
           0    0.716252
           0    0.714142
           0    0.712072
           0    0.710041
           0    0.708053
           0    0.706108
           0    0.704209
           0    0.702359
           0     0.70056
           0    0.698814
           0    0.697123
           0     0.69549
           0    0.693917
           0    0.692408
           0    0.690963
           0    0.689586
           0    0.688279
           0    0.687046
           0    0.685887
           0    0.684807
           0    0.683806
