Generation  Best distance  Mean distance
1        2394.93        2786.49
2         2270.8        2587.58
3        2246.11        2455.09
4         2215.2        2372.15
5        2199.54        2311.38
6        2087.95        2246.55
7        2070.72         2202.8
8        2059.51        2155.08
9        2008.03         2109.6
10        1962.91        2061.53
11        1911.21        2029.68
12        1870.05        1996.67
13         1799.6        1963.32
14        1665.08        1931.02
15        1665.08        1877.03
16        1551.13        1813.98
17        1551.13        1733.86
18        1536.75        1665.92
19        1527.38        1612.81
20        1510.43        1579.03
21        1494.25        1554.62
22        1480.72        1544.22
23        1475.75        1531.41
24        1450.43        1516.05
25        1430.16        1496.53
26        1393.69        1474.66
27        1361.73        1454.75
28        1346.48        1428.53
29        1326.16        1404.12
30        1297.66        1379.28
31        1290.78        1354.83
32        1255.66        1335.37
33        1203.16        1313.19
34        1175.93        1280.12
35         1175.2        1240.25
36        1142.23        1206.24
37        1142.23        1180.32
38        1133.43        1166.75
39        1111.76        1155.52
40        1111.76        1147.11
41        1102.95        1133.69
42        1088.33        1123.95
43        1087.97        1112.22
44        1062.36        1104.48
45        1056.91        1095.46
46        1044.56        1081.69
47        1038.97        1068.71
48        1030.76        1059.71
49        994.297         1048.6
50        994.297        1034.37
51        979.978        1021.64
52        969.484        1009.74
53        929.137         994.93
54        912.495        977.029
55        902.343        954.273
56        898.177        935.355
57        879.945        917.208
58        875.778        910.354
59        875.778         906.21
60        875.778         895.86
61        848.933        889.502
62        845.925        879.008
63        838.445        869.765
64        803.911        859.741
65          798.3        847.946
66        755.402        837.064
67        755.402        817.156
68        749.792        797.215
69        749.792        778.939
70        749.792         767.99
71        749.792        758.411
72        748.269        753.117
73        722.581        750.759
74         716.97        745.684
75        709.089        734.826
76        696.301         726.91
77        689.021         712.42
78        681.888        703.032
79        681.888        695.303
80        681.888        687.913
81         680.75        685.251
82        678.768        683.846
83        674.427        681.899
84        670.922        679.957
85        670.922         677.68
86        669.005        675.006
87        668.736        672.904
88        660.962        670.845
89        652.963        669.074
90        650.928        667.198
91        650.928        665.216
92        646.463        664.497
93        646.463        661.069
94        642.723        662.914
95        642.723        661.429
96        637.642        666.866
97        637.642        665.429
98        632.867         650.27
99        629.126        643.192
100        629.126        636.771
101        628.159        636.485
102        625.952        633.917
103        625.952         630.02
104        619.513        628.246
105        604.834        626.452
106        601.659        623.886
107        601.659        620.169
108        596.102        612.924
109        596.102        607.953
110        593.381        604.331
111        593.381         598.89
112        585.866        596.807
113        585.866        594.274
114        580.863        591.682
115        579.849        588.617
116        576.802        586.394
117        576.708        583.236
118        570.103         580.21
119        570.008         577.65
120        567.382        575.223
121        562.015        572.975
122        552.114        570.475
123        545.414        565.508
124        540.658         558.95
125        532.133        552.602
126        498.115        543.947
127        498.115        536.839
128        470.269        526.122
129        466.028        509.041
130        461.131        492.659
131        456.333        480.759
132        456.255        465.693
133        455.972        460.386
134        454.758        458.061
135        448.915        456.355
136        446.786        454.793
137        442.152        452.047
138        437.277         449.46
139        433.648        445.671
140        430.649        440.805
141        430.649        437.026
142        427.423        435.417
143        420.558        432.825
144        420.558        431.116
145        417.272        429.832
146        417.272        427.385
147        417.272        423.636
148         413.81        420.321
149         413.81        418.534
150         413.81         416.82
151        411.404        415.681
152        408.091        415.173
153        403.601        413.502
154        401.195        411.212
155        401.195        409.035
156        401.195        406.037
157        399.296        404.358
158        397.076        403.014
159        384.748         400.74
160        373.905        398.463
161        359.358        397.929
162        359.358        398.249
163        357.466        395.233
164        350.637        384.527
165        350.426        379.943
166        348.746        362.718
167        348.746        355.551
168        348.233        351.918
169        346.895        350.472
170        345.312        349.362
171        333.375        347.937
172        332.998         345.01
173        331.147        340.395
174        316.143        335.854
175        315.631        332.289
176         313.78        326.948
177        310.034        320.313
178        310.034        315.479
179        309.522        313.329
180        309.522        312.126
181        307.682         310.81
182        307.682        310.307
183        307.682        309.684
184        301.672        309.649
185        301.672        310.026
186        301.672        307.905
187        280.834        306.199
188        278.211        303.015
189        278.211        296.176
190        278.211        288.459
191        278.211        282.746
192        278.211        281.396
193        274.693        281.764
194        274.693        280.629
195        273.543        278.194
196        273.543        276.284
197        273.543          280.7
198        273.543        278.898
199        272.787        278.193
200        272.787        277.675
201        272.787         276.15
202        272.787        274.342
203        272.372        274.338
204        272.372        273.905
205        271.022        274.677
206        271.022        275.206
207        271.022        275.203
208        271.022        273.682
209        270.383        272.539
210        270.383        271.589
211        270.383        271.171
212        269.922        271.806
213        269.899        271.275
214        269.438        270.747
215        269.438        270.112
216        269.438        269.883
217        268.744        269.741
218        267.604        269.614
219        267.604        269.268
220        262.569        268.569
221        262.108        267.749
222        262.108        265.944
223        262.108        264.199
224        262.108        262.942
225        259.534        262.585
226        257.409        262.073
227        255.537        260.987
228        244.119        259.223
229        244.119        256.258
230        244.119        252.705
231        244.119        250.307
232        244.119        247.914
233        244.119        246.434
234        243.443        245.819
235        226.993        245.605
236        226.993        243.593
237        226.316        238.922
238        226.097        234.926
239        226.097        231.154
240         225.79        226.426
241         225.79        226.277
242         225.79        226.022
243         225.79        225.917
244        225.734        225.905
245        225.734        225.865
246        225.734        225.798
247        223.986        225.748
248         222.49         225.64
249        219.602        225.322
250        219.602        225.266
251        216.119        225.109
252        216.119        222.624
253        216.119        220.096
254        216.119        219.157
255        216.119        217.852
256        216.119        217.874
257        216.119        218.185
258         215.06        217.956
259         215.06        216.682
260         215.06        215.803
261        213.321        215.796
262        212.262         215.52
263        212.262        214.508
264         210.86         213.43
265         210.86        212.586
266         210.86        211.907
267        208.211        211.362
268        208.211        210.706
269        208.211        210.175
270        204.916        209.241
271        204.916        208.416
272        204.916        207.034
273        204.916         206.39
274        204.916        206.189
275        204.916        206.242
276        204.916        206.174
277        203.685        205.996
278        203.685        206.273
279        203.503        205.588
280        203.503        204.654
281        202.714        203.885
282        202.714        203.509
283        200.865        203.321
284        200.479        202.778
285        199.689        202.027
286        199.689        201.267
287        199.338        200.603
288        199.338        200.295
289        199.338        199.758
290        198.977        199.533
291        198.626        199.426
292        198.626        199.195
293        198.626         198.92
294        198.626        198.835
295        198.626        198.803
296        197.912        198.734
297        197.718        198.623
298          195.1        198.222
299          195.1        197.506
300        194.228        196.582
301        194.228        195.953
302        194.228        195.267
303        194.228        194.686
304        194.228        194.677
305        193.959        194.768
306        193.959        194.468
307        193.959         194.27
308        193.959        194.333
309        193.959        194.308
310        193.959        194.133
311        193.959        194.144
312        193.959        194.097
313        193.959        194.053
314        193.959        194.044
315        190.113        194.061
316        190.113        193.623
317        190.113        192.647
318        190.113        192.002
319        190.113        192.132
320        190.113        191.683
321        187.435        191.124
322        187.165        190.773
323        187.165         188.97
324        187.165        188.132
325        187.165        187.831
326        184.035        187.685
327        184.035        187.293
328        184.035        186.153
329        183.104        185.542
330        180.155        184.954
331        180.155        183.616
332        180.155        182.189
333        180.155        181.333
334        180.155        181.193
335        180.155        181.178
336        178.692        181.108
337        178.205        180.625
338        176.287        179.471
339        172.011        178.578
340        172.011        177.444
341        169.986        175.496
342        169.986        174.113
343        169.097        172.908
344        167.943        171.199
345        167.943        169.811
346        167.633        168.994
347         166.48        168.466
348         166.48        167.732
349         166.48        167.293
350        162.154         166.99
351        162.154        166.348
352        162.154        165.028
353        162.154        163.729
354        162.154        163.336
355        162.154        163.204
356        162.154        163.364
357        162.154        162.926
358        161.169        163.326
359        161.169        163.297
360        161.169        162.886
361        161.169        162.402
362        161.161        162.755
363        161.161        163.457
364        161.161        161.342
365        161.161        161.292
366        161.117        161.222
367        161.117        161.476
368        161.117        161.272
369        161.117        161.754
370        161.117        161.951
371        161.117        161.789
372        161.117        162.752
373        161.117         163.32
374        161.117        163.165
375        161.117        163.567
376        156.783        161.869
377        156.783        161.346
378        156.783        160.645
379        155.758        159.583
380        155.758        158.745
381        151.222        157.941
382        151.222        156.683
383        150.768        154.708
384        150.768        153.302
385        149.148        151.523
386        149.148        151.111
387        149.148        150.292
388        149.148        149.873
389        149.148         149.78
390        149.148        149.747
391        149.148        149.732
392        149.148        149.796
393        149.148        150.174
394        148.798        150.023
395        148.798        149.673
396        139.614        149.386
397        139.614        147.895
398        139.614        145.237
399        139.552        143.506
400        139.552        141.959
401        139.552        141.473
402        139.552        140.757
403        139.552        141.183
404        139.552          141.9
405        139.552         141.84
406        139.552        141.636
407        139.552        142.123
408        139.552        141.646
409        139.552        141.112
410        139.552        141.317
411        139.552        140.805
412        139.552         141.55
413        139.552        143.005
414        139.552        142.139
415        138.841        142.302
416        138.841        141.061
417        138.841        140.153
418        138.841        140.237
419        138.841         141.73
420        138.841        142.391
421        138.841        143.074
422        138.841        143.082
423        138.841        142.666
424        138.841        143.038
425        138.841        140.952
426        138.841        141.958
427        138.841        140.921
428        138.841        141.419
429        138.841        140.921
430        138.841        141.417
431        138.748         141.36
432        138.748        141.021
433        138.363        139.641
434        138.159        138.756
435        138.159        138.663
436        136.126        138.696
437        135.648        138.696
438        135.155         137.77
439        134.092        137.035
440        133.234        135.596
441        133.234        134.806
442        133.234        134.156
443        132.127        133.704
444        132.127        133.351
445        132.127        133.002
446         131.43        132.774
447         131.43        132.495
448         131.43        132.038
449         131.43        131.705
450         131.05        131.778
451         131.05        131.541
452         131.05        131.293
453         131.05        131.303
454         131.05        131.219
455         131.05        131.204
456         131.05        131.271
457         131.05        131.305
458         131.05        131.435
459         131.05        131.194
460         131.05        131.915
461        127.778        132.289
462        127.778        131.029
463        127.778        129.591
464        127.778        129.186
465        127.778        129.024
466        127.778        128.694
467        127.778        128.875
468        127.778        128.803
469        127.778        128.718
470        127.778        129.174
471        127.778        130.653
472        126.893        129.454
473        126.893        128.918
474        126.893        127.997
475        126.555        127.292
476        126.555        127.107
477        126.555        126.817
478        126.555        126.714
479        126.555        126.812
480        126.555        126.865
481        126.555        127.034
482        126.555        127.631
483        126.555        128.256
484        126.555        127.918
485        126.555        127.864
486        126.555        128.432
487        126.555        129.511
488        126.555        129.753
489        126.555         129.79
490        126.555        130.544
491        126.555        131.132
492        126.555        132.966
493        126.555        130.422
494        126.555         128.83
495        126.555        129.074
496        124.923        129.112
497        124.923        128.108
498        124.429        126.222
499        123.496        125.644
500        123.496        125.155
501         121.08        124.744
502         121.08        123.946
503         121.08        123.105
504        120.822        122.702
505        120.822        122.616
506        120.822        121.685
507        120.449        121.315
508        120.449         121.06
509        120.449        120.718
510        120.449         120.63
511        120.449        120.626
512        120.449        120.755
513        120.056        120.641
514        120.056         120.57
515        120.056        120.321
516        120.056        120.203
517        120.056        120.184
518        120.056        120.213
519        120.056        120.228
520        120.056        120.329
521        118.941        120.603
522        118.941        120.357
523        118.941        119.897
524        118.567         120.07
525        118.567        122.415
526        118.567        120.894
527        118.567        120.367
528        118.276        119.959
529        118.276        120.994
530        118.242        121.121
531        118.242        120.545
532        118.242        120.361
533        117.381        120.393
534        117.056        121.288
535        116.098        118.683
536        115.774        117.637
537        115.774        117.116
538        115.774        116.647
539        115.774        116.127
540        115.774        116.129
541        115.774        116.141
542        115.774         116.03
543        115.774        116.173
544        115.774        116.051
545        115.774        116.211
546        115.774        115.992
547        115.774        116.225
548        115.774         115.93
549        115.774        116.077
550        115.774        116.282
551        115.774        116.551
552        115.774        116.859
553        115.774        116.762
554        115.774         118.26
555        115.774        118.165
556        115.774        117.118
557        115.774        117.433
558        115.774        117.431
559        115.774        118.746
560        115.774        119.217
561        115.774        118.466
562        115.393        117.383
563        115.393        117.389
564        115.393         116.17
565        115.393        115.622
566        115.393        115.562
567        115.393        115.537
568        114.683        115.648
569        114.683        115.472
570        114.683        115.227
571        114.683        115.077
572        114.683         114.93
573        114.683        114.884
574        114.683        114.906
575        114.683        114.891
576        114.683        114.869
577        114.683        114.849
578        114.683        114.857
579        114.683        115.178
580        114.683         114.92
581        114.683         115.47
582        114.683         115.17
583        114.683        115.245
584        114.576        115.655
585        114.576        114.927
586        114.576         114.66
587        114.576        114.622
588        114.576        114.623
589        114.576        114.662
590        114.576        115.009
591        114.576        114.795
592        114.576        114.913
593        114.576        115.583
594        114.576         116.06
595        114.576        115.898
596        114.576        117.435
597        114.576        116.761
598        114.576        116.895
599        114.576        117.017
600        114.576        117.038
601        114.576        117.368
602        114.576        117.821
603        114.576        120.426
604        114.576        122.086
605        114.576        118.868
606        114.576        120.748
607        114.171        118.981
608        114.171         118.51
609        114.171         115.32
610        114.171        114.431
611        114.171        114.387
612        114.171        114.373
613        114.171        114.337
614        114.171        114.331
615        114.171        114.438
616        114.171        114.617
617        114.171        115.482
618        114.171        114.994
619        114.171        114.631
620        114.171        114.475
621        114.171        114.278
622        114.171        114.784
623        114.171        114.385
624        114.171        114.897
625        114.171        114.542
626        114.171        114.558
627        114.171        114.761
628        114.171        114.973
629        114.171        115.069
630        114.171        115.162
631        114.171        118.515
632        114.171        117.375
633        114.171        116.798
634        114.171        117.092
635        114.171        116.604
636        114.171        117.152
637        114.171        117.074
638        114.171         116.02
639        113.794        116.409
640        113.794        116.689
641        113.794         116.78
642        113.794        115.987
643        113.794        117.298
644        113.794        118.841
645        113.794        118.355
646        113.794        118.712
647        113.794        118.693
648        113.794        119.183
649        113.794        119.096
650        113.794        118.195
651        113.794        118.575
652        113.794         117.41
653        113.794        116.817
654        113.537        117.918
655        113.537        116.402
656        113.537        114.873
657        113.003        114.082
658        113.003        113.859
659        113.003        113.389
660        113.003        113.276
661        113.003        113.265
662        112.891        113.703
663        112.891        113.417
664        112.891         113.08
665        112.891        113.006
666        112.891        112.953
667        112.891        112.959
668        112.891        112.951
669        112.891        113.047
670        112.891        113.078
671        112.891        112.975
672        111.889        113.148
673        111.889         113.32
674        111.889        112.834
675        111.889        112.412
676        111.889        112.716
677        111.889        113.312
678        111.889        113.207
679        111.889        112.887
680        111.889        113.843
681        111.889        115.797
682        111.889        114.985
683        111.889        116.191
684        111.889        115.674
685         111.79        116.009
686         111.79         115.34
687         111.79        113.667
688         111.79        114.921
689         111.79        113.906
690         111.79        114.154
691         111.79        114.441
692         111.79        115.131
693         111.79        113.377
694         111.79        113.555
695         111.79        113.232
696         111.79        112.455
697         111.79        113.113
698         111.79        113.956
699         111.79        113.969
700         111.79        114.642
701         111.79        113.966
702         111.79        113.574
703         111.79        113.299
704         111.79        113.716
705         111.79        113.313
706        111.655        112.938
707        111.655        112.749
708        111.655        112.004
709        111.655        111.822
710        111.655        112.019
711        111.655        111.894
712        108.827        111.935
713        108.827        111.745
714        108.827        110.965
715        108.827        110.067
716        106.876        109.884
717        106.876        109.387
718        106.449        108.592
719        106.449        107.594
720        106.449        107.075
721        106.383        106.724
722        106.383        106.588
723        106.383        106.489
724        106.383        106.445
725        106.383        106.408
726        106.383        106.439
727        106.383        106.465
728        106.383        106.965
729        106.383        106.644
730        106.383        106.743
731        106.383        107.043
732        106.383         106.82
733        106.383        106.617
734        106.383        107.366
735        106.383        107.366
736        106.383         109.14
737        106.383        109.245
738        106.383        110.904
739        106.383        113.985
740        106.383        111.293
741        106.383        110.928
742        106.383        113.394
743        106.383        114.785
744        106.383        113.571
745        106.383        109.849
746        106.383        109.741
747        106.383        108.579
748        106.383        110.841
749        106.383        109.407
750        106.383        112.261
751        106.383        113.515
752        106.383        111.279
753        106.383        112.768
754        106.383        112.144
755        106.383        110.775
756        106.383         109.74
757        106.383        109.044
758        106.383        109.378
759        106.349        108.116
760        106.349        107.456
761        106.349        106.534
762        106.349        106.364
763        106.349        106.362
764        106.349        106.387
765        106.349        106.444
766        106.349        107.095
767        106.349        106.944
768        106.349        107.183
769        106.349        107.152
770        106.349        106.696
771        106.349        107.065
772        106.349         107.09
773        106.349        107.244
774        106.349        108.504
775        106.349        112.238
776        106.349        113.864
777        106.349        114.742
778        106.349        112.142
779        106.349        113.064
780        106.349        113.953
781        106.349        114.363
782        106.349        112.792
783        106.349        111.748
784        106.349        111.816
785        106.349        111.843
786        106.349        112.448
787         105.79        109.901
788         105.79         108.03
789         105.79        107.734
790         105.79        108.089
791         105.79        107.741
792         105.79        108.971
793         105.79        109.263
794         102.84        110.062
795         102.84        108.029
796         102.84        105.773
797        99.1311        107.131
798        99.1311        105.788
799        99.1311        102.296
800        99.1311         101.17
801        99.1311        101.007
802        99.1311        100.977
803        99.1311        101.102
804        99.1311        100.588
805        99.1311        100.321
806        99.1311        100.195
807        99.1311        101.021
808        99.1311        100.723
809        99.1311        100.384
810        99.1311        100.186
811        99.1311        100.352
812        99.1311        100.031
813        99.1311        100.252
814        99.1311        101.015
815        99.1311        101.758
816        98.8483         102.02
817        98.8483        101.209
818        98.8483        100.775
819        98.8483        100.047
820        98.7909        99.9298
821        98.7909        99.3038
822        98.7909        98.8968
823        98.7909        98.8179
824         96.272        98.8055
825        94.7912        98.6553
826        94.7912        98.3721
827        94.7912        97.4024
828        94.7912         96.657
829         94.513        96.2605
830         94.513          95.89
831         94.513        95.2107
832         94.513        94.9155
833         94.513        94.6547
834         94.513         94.597
835         94.513        94.7154
836         94.513        94.6637
837         94.513        95.0658
838         94.513        94.7379
839         94.513        94.7485
840         94.513         95.994
841         94.513         96.316
842         94.513        96.7235
843         94.513        97.1302
844         94.513        98.8726
845         94.513        98.9315
846         94.513        97.6387
847         94.513         95.191
848         94.513        96.5646
849         94.513        96.0669
850         94.513        100.915
851         94.513         99.664
852         94.513        99.0972
853         94.513        97.2804
854         94.513        101.003
855         94.513        100.249
856         94.513        100.762
857         94.513        96.7406
858         94.513        98.8331
859         94.513        97.1857
860         94.513        97.3717
861         94.513        95.8889
862         94.513        95.5916
863        94.4831          96.26
864        94.4831        95.1792
865        94.4831        94.5524
866        94.4831        94.4985
867        94.4831         94.498
868        94.4831        94.4954
869        94.4831        94.4933
870        94.4831        94.4934
871        94.4831        94.4931
872        94.4831        94.4968
873        94.4831        94.4922
874        94.4831        94.7378
875        94.4831        95.2719
876        93.6768        96.3248
877         93.647        95.9462
878         93.647        94.2152
879         93.647        93.9342
880        92.9049        93.8013
881        92.9049        93.6563
882        92.9049        93.3829
883        92.9049        93.2075
884        92.9049        93.1045
885        92.9049        93.0564
886        92.9049        93.0489
887        92.9049        93.0236
888        92.2814        93.0687
889        92.2814        92.9466
890        92.2814        92.6743
891        92.2814        92.5788
892        92.2814        92.5253
893        92.2814        92.4802
894        92.2814        92.6732
895        92.2814        92.6221
896        92.2814        92.9822
897        92.2814        93.0212
898        92.2814        92.7086
899        92.2814        92.8455
900        92.2814        92.8731
901        92.2814         92.778
902        92.2814        93.1318
903        92.2814        93.0089
904        92.2814        93.2027
905        92.2814        93.4501
906        92.2814         93.545
907        92.2814        93.5101
908        92.2814        93.7223
909        92.2814        94.4088
910        92.2814        95.4758
911        92.2814        98.2219
912        92.2814         96.893
913        92.2814         95.925
914        92.2814        97.3977
915        92.2814        94.1299
916        92.2814        94.1268
917        92.2814        93.8661
918        92.1058        94.4769
919        92.1058         94.101
920        92.1058        94.6126
921        92.1058        93.7811
922        92.1058         94.663
923        92.1058        96.0314
924        91.4983        97.5394
925        91.4983        95.8082
926        91.4983        93.4686
927        91.4983        92.3982
928        91.4983        93.0682
929        91.4983        93.1093
930        91.4983        93.6714
931        91.4983        93.7288
932        91.4983        93.8326
933        91.4983        96.6498
934        91.4983        95.7813
935        91.4983        96.7305
936        91.4983        94.7959
937        91.4983        95.3161
938        91.4983        95.4603
939        91.4983        96.9466
940        91.4983        96.2299
941        91.4983          96.25
942        91.4983        95.6773
943        91.4983        96.3001
944        91.4983        96.8536
945        91.4983        97.5199
946        91.4983        97.7563
947        91.4983        97.0662
948        91.4983        95.7279
949        90.7172        94.1601
950        90.7172        93.4799
951        90.7172        92.3606
952        89.9552        91.2956
953        89.9552        90.9529
954        89.9552        90.5237
955        89.9552        90.3346
956        89.9552        90.3185
957        89.9552        90.2777
958        89.9552        90.2857
959        89.9552        90.3237
960        89.9552        90.2815
961        89.9552        90.3479
962        89.9552        90.9044
963        89.9552         90.992
964        89.9552        91.0751
965        89.9552        90.8397
966        89.9552        90.7025
967        89.9552        91.6446
968        89.9552        91.4559
969        89.9552        91.3706
970        89.9552        92.8598
971        89.9552        93.8851
972        89.9552        93.2916
973        89.9552        93.0408
974        89.9552        91.5155
975        89.9552        91.8143
976        89.9552         93.852
977        89.9552         92.807
978        89.9552        93.8591
979        89.9552        92.3822
980        89.5604        92.1983
981        89.5604          91.19
982        89.5604        89.9376
983        89.5604        89.8049
984        89.5604        89.8039
985        89.5604        89.7162
986        89.5604        89.7084
987        89.5604        89.6986
988        89.5604        89.7302
989        89.5604        90.0008
990        89.5604        89.7315
991        89.5604        89.9617
992        89.5604        89.7227
993        89.5604        89.8427
994        89.5604        90.1073
995        88.9858        89.9262
996        88.9858        89.6051
997        88.9858        89.3167
998        88.9858        89.2225
999        88.9858        89.1681
1000        88.9858         89.192
1001        88.9858        89.3134
1002        88.9858        89.6716
1003        88.9858          90.57
1004        88.9858        89.8183
1005        88.9858        90.3752
1006        88.9858         90.374
1007        88.9858        91.0838
1008        88.9858        90.5367
1009        88.9858        90.3844
1010        88.9858        90.6184
1011        88.9858        90.2159
1012        88.9858        91.0634
1013        88.9858        90.6505
1014        88.9858        91.7572
1015        88.9858        91.2626
1016        88.9858         92.633
1017        88.9858        91.0164
1018        88.9858        91.1411
1019        88.9858        92.6905
1020        88.9858        91.7722
1021        88.9858        92.8197
1022        88.9858        92.4788
1023        88.9858        92.6644
1024        88.9858        93.3154
1025        88.9858        93.2073
1026        88.9858        93.6918
1027        88.9858        92.2967
1028        88.9858        93.1062
1029        88.9858        91.6752
1030        88.9858        91.6475
1031        88.9858        92.2088
1032        88.9858        92.6987
1033        88.9858         94.955
1034        88.9858        97.5081
1035        88.9858         96.956
1036        88.9858        94.2039
1037        88.9858        92.9391
1038        88.9858        93.1459
1039        88.9858        91.4049
1040        88.9858        90.2281
1041        88.9858        90.3285
1042        88.9858         90.706
1043        88.9858        91.1578
1044        88.9858        90.3846
1045        88.9858        90.2551
1046        88.9858         90.614
1047        88.9858         90.272
1048        88.9858        90.1982
1049        88.9858         90.143
1050        88.9858        90.4964
1051        88.9858        90.7245
1052        88.9858        89.9857
1053        88.9858        90.1387
1054        88.9858        89.9958
1055        88.9858        89.8923
1056        88.9858        90.0607
1057        88.9858        89.7519
1058        88.9858        89.6148
1059        88.9858        89.6573
1060        88.9858        89.6351
1061        88.9858        90.4901
1062        88.9858        89.6395
1063        88.9858        90.8736
1064        88.9858        92.8726
1065        88.9858        93.0594
1066        88.9858        97.9752
1067        88.9858        96.7757
1068        88.9858        93.4528
1069        88.9858        92.4204
1070        88.9858        92.5991
1071        88.9858        92.6419
1072        88.9858        93.3297
1073        88.9858        93.2297
1074        88.9858        91.4662
1075        88.9858        90.5829
1076        88.9858        90.0966
1077        88.9858        89.9602
1078        88.9256        90.0631
1079        86.8905        89.7157
1080        86.8905        88.9433
1081        86.8905         88.457
1082          86.28        87.8048
1083        86.2198        87.2083
1084        85.5159        86.6694
1085        85.4504        86.2761
1086        85.4504        85.9644
1087        84.7464        85.7515
1088        84.7464        85.4723
1089        84.7464        85.1583
1090        84.7464        85.0433
1091        84.7464        84.9284
1092        84.7464        84.8689
1093        84.7464         84.898
1094        84.7464        84.9567
1095        84.7464        84.9814
1096        84.7464        85.0068
1097        84.7464        85.5628
1098        84.7464        86.2642
1099        84.7464        86.8607
1100        84.7464         87.434
1101        84.7464        85.5732
1102        84.7464        86.1958
1103        84.7464        85.7008
1104        84.7464        85.5851
1105        84.7464        86.4791
1106        84.7464        85.9565
1107        84.7464        86.1887
1108        84.7464        86.4295
1109        84.7464        87.3516
1110        84.7464        86.2373
1111        84.7464         86.297
1112        84.7464         85.861
1113        84.7464        86.8911
1114        84.7464        87.5219
1115        84.7464        85.8891
1116        84.7464        86.9346
1117        84.7464        88.6491
1118        84.7464        89.4243
1119        84.7464        88.5348
1120        84.7464        88.5608
1121        84.7464        90.2841
1122        84.7464        90.4188
1123        84.2793        90.3887
1124        84.0522        89.5441
1125        84.0522        85.4955
1126        84.0522        84.6217
1127        84.0522        84.2579
1128        84.0522        84.2164
1129        84.0522        85.0059
1130         83.502        84.3301
1131        83.2749        84.2432
1132        83.2749        84.0735
1133        83.2749        83.7663
1134        83.2749        84.0231
1135        83.2749        84.4815
1136        83.2749         84.249
1137        83.2749        84.0608
1138        83.2749        84.1928
1139        83.2749          85.19
1140        83.2749        85.5823
1141        83.2749        85.8398
1142        83.2749        86.3647
1143        83.2749        86.7299
1144        83.2749        86.6239
1145        83.2749        85.7321
1146        83.2749        85.2948
1147        83.2749        84.7972
1148        83.2749        85.4112
1149        83.2749        85.9288
1150        83.2749        86.3554
1151        83.2749        86.4889
1152        83.2749        86.4528
1153        83.2749         86.012
1154        83.2749        85.1049
1155        83.2749        85.4112
1156        83.2749        86.4265
1157        83.2749        84.9539
1158        83.2749        85.6042
1159        83.2749        88.2941
1160        83.2749        86.4175
1161        83.2749        86.4862
1162        83.2749        86.9127
1163        83.2749        88.8227
1164        83.2749        88.5872
1165        82.3404        89.5755
1166        82.3404        85.8598
1167        82.3404        83.1327
1168        82.3404        82.8538
1169        82.3404        82.7765
1170        82.3404        82.8301
1171        82.3404        82.7368
1172        82.3404          82.84
1173        82.3404        82.8093
1174        82.3404        82.8954
1175        82.3404        83.2967
1176        82.3404         82.735
1177        82.3404        82.8068
1178        82.3404        83.1197
1179        82.3404        83.1187
1180        82.3404        83.2052
1181        82.3404        83.6111
1182        82.3404        83.8807
1183        82.3404        84.5545
1184        82.3404        85.7903
1185        82.3404         86.184
1186        82.3404        84.3496
1187        82.3404        83.3292
1188        82.3404        83.5499
1189        82.3404        82.9895
1190        82.3404        83.1147
1191        82.3404         84.677
1192        82.3404        84.5828
1193        82.3404        84.0127
1194        82.3404        83.5616
1195        82.3404        83.2695
1196        82.3404        84.6541
1197        82.3404        84.8458
1198        82.3404        85.2207
1199        82.3404        87.1639
1200        82.3404         87.744
