Generation  Best distance  Mean distance
1        2386.43        2795.48
2         2206.9        2619.62
3         2206.9        2485.83
4           2149         2375.6
5        2132.36         2325.6
6         1947.3        2246.19
7        1890.89        2144.31
8        1807.48        2037.16
9        1804.72        1963.92
10        1768.71        1872.84
11        1684.79        1832.84
12        1646.01        1791.63
13        1633.13        1760.35
14        1588.47        1710.53
15        1588.47        1670.75
16        1553.35        1640.01
17         1517.8        1614.34
18        1490.63        1580.55
19        1460.44        1552.05
20        1433.66        1518.15
21        1395.48        1490.11
22         1361.5        1465.34
23         1361.5        1448.64
24        1323.19        1429.32
25        1314.87        1401.27
26        1286.78        1376.38
27        1248.46        1353.13
28        1221.27        1324.88
29        1221.27        1296.32
30        1174.07        1269.44
31        1174.07        1244.76
32        1174.07        1223.88
33        1145.49        1204.94
34        1130.81        1193.66
35        1127.61        1173.26
36        1100.67        1154.42
37        1100.67        1137.57
38        1074.02        1124.86
39        1074.02         1114.6
40        1039.46        1106.92
41        1038.48        1095.77
42        1017.84        1081.24
43        1015.17        1064.52
44        993.537        1046.02
45        993.537         1028.9
46        983.174         1013.2
47        980.783        1004.28
48        976.243        995.108
49        958.241        985.716
50        948.347         978.27
51        937.147         969.41
52        920.621        958.747
53        912.312         946.44
54        888.979        934.135
55        877.489        921.459
56        858.487        907.265
57        840.283        895.698
58        831.154         876.24
59        830.933        863.827
60         827.34        850.493
61        825.212        841.667
62         808.36        832.855
63         808.36        827.305
64        805.133         824.27
65        800.575        823.302
66        771.839        819.424
67        764.055        811.665
68        763.033        802.936
69        760.462         794.91
70        760.462        784.635
71        759.993         781.07
72        756.401        776.489
73        751.802        769.441
74        744.918        764.191
75        739.959        757.211
76        725.483        752.238
77        725.483        744.494
78        715.535        738.983
79        714.513        733.326
80        709.255        729.573
81        705.517        723.949
82        697.817        720.929
83        697.817         716.27
84        693.218        709.394
85        688.763        702.599
86        688.763        699.629
87        688.763        700.333
88        684.798        702.929
89        684.798        703.813
90        683.245        700.023
91        679.006        694.321
92        677.921        690.615
93        660.901        684.214
94        656.004        680.095
95         653.42         671.91
96        631.503        665.607
97        628.651        656.656
98        619.613        645.955
99         615.94        638.115
100        599.062        629.339
101        599.062        623.318
102        595.615        615.724
103        588.605        608.064
104        588.605        602.558
105        587.875        595.863
106        573.561        592.556
107        570.253         588.97
108        570.253        583.973
109        570.253        578.142
110        570.253        573.999
111        570.253        572.067
112         569.05        571.636
113         569.05        570.955
114         569.05        570.229
115         569.05        569.777
116         569.05        569.608
117         569.05        569.526
118        567.791        569.498
119         563.01        569.336
120         563.01        568.549
121        552.156        567.348
122        537.865        566.044
123        527.011         560.85
124        520.634        554.219
125        520.634        546.152
126        520.634        535.402
127        520.634        532.801
128        520.634        528.976
129        514.798        526.188
130        514.798        521.529
131        514.798        519.514
132        513.539        518.424
133        508.276        516.017
134        508.276        514.467
135        508.276        512.323
136        498.965        510.347
137         474.77        507.889
138        469.894        501.075
139        468.963        488.089
140        468.526        476.096
141        466.833        470.283
142        466.833        468.894
143         466.01        468.086
144         466.01        467.471
145        462.106        466.876
146        462.106        466.043
147        462.106        465.347
148        459.649        464.269
149        456.587        463.109
150        454.464        461.648
151        447.211         459.45
152        447.211        457.353
153        447.211        455.417
154         445.91        455.784
155        430.846        456.949
156        430.846        448.979
157        430.846        443.085
158         424.66        436.996
159         424.66         435.25
160         424.66         430.65
161        420.674        428.735
162        416.599        427.837
163         411.09        425.053
164         411.09        421.851
165         411.09        418.603
166         411.09        416.616
167          410.7          415.9
168          410.7        415.119
169        410.618        412.662
170        410.618        411.173
171        406.931        410.709
172        404.424        410.026
173        404.424         408.83
174         400.78        406.851
175         400.78         405.12
176         400.78        403.217
177        395.438         401.86
178        394.343         401.19
179        390.108        399.474
180        387.271        396.413
181        384.766        393.062
182        384.035        390.461
183        384.035        388.259
184        381.787        385.806
185        381.056        384.573
186        381.056         383.22
187        381.056         382.34
188        380.806         381.88
189        377.826        381.317
190        376.015        380.268
191        375.341        378.778
192        372.411        377.654
193        346.751        376.171
194        346.751         373.21
195        346.751        367.889
196        342.369        363.271
197        342.369        359.216
198        328.474        352.638
199        324.092        344.201
200        321.206        337.739
201        316.476         332.98
202         313.59        326.889
203         313.59        321.235
204        309.251        318.118
205        307.553        314.898
206        303.214        312.505
207        303.214        310.546
208        303.214        307.879
209        295.758        305.976
210        294.636         303.72
211        294.636        300.777
212        294.636        296.999
213        290.272        295.335
214        290.272        294.818
215        285.987        293.756
216        285.987        292.158
217        285.987        289.706
218        285.987        288.142
219        285.987        287.781
220        280.883        287.393
221        280.883        287.156
222        280.883         285.74
223        280.883        283.703
224        280.883        283.082
225        280.883        282.585
226        278.295        282.705
227        278.295        281.853
228        278.295        280.355
229        278.295        279.937
230        278.295        280.638
231        278.295         280.52
232        278.295        280.797
233        278.295        280.414
234        278.295        280.066
235        278.046        280.634
236        278.046        281.484
237        278.046        282.369
238        277.889         285.48
239        277.758        290.973
240        274.666        295.211
241        274.626          298.3
242        273.397        295.212
243        265.613        292.578
244        265.613        287.307
245        265.301        300.193
246        265.301        299.358
247        261.225         299.95
248        256.287        293.445
249        256.287        290.045
250        256.287        280.997
251        256.287         282.44
252        256.287         274.48
253        256.287        274.226
254        256.287        277.054
255        256.287        274.204
256        256.287        279.853
257        256.287        270.846
258        256.287        271.609
259        256.287         272.76
260        256.287        277.084
261        255.756        273.879
262        255.756        267.143
263        255.756        260.779
264        255.756        258.576
265        255.756        258.557
266        255.756        258.337
267        255.756        259.251
268        255.756         259.97
269        253.026        262.403
270        253.026        259.119
271        253.026        256.794
272        253.026        254.824
273        253.026        255.544
274        253.026         256.19
275         252.87        254.682
276        252.148        254.721
277         250.38        253.344
278        248.771        252.463
279        248.771         251.61
280        248.771        250.408
281        248.771        249.649
282        248.771        249.268
283        248.771        249.476
284        248.174        249.377
285        247.023        249.378
286        246.426        248.767
287        246.426        248.099
288        245.932        247.455
289        245.694        246.945
290        245.694        246.532
291        245.694        246.279
292        245.694        246.553
293        245.202        246.434
294        239.102        246.613
295        235.276        245.076
296        235.276        242.332
297        235.276        240.003
298        235.276         238.11
299        235.276        237.398
300        235.276         236.98
301        232.494        237.864
302        232.494        237.053
303        232.494        234.825
304        230.301        234.129
305        230.301        233.396
306        230.301        232.085
307        230.301        231.324
308        230.301        230.967
309        229.229        230.971
310        229.229        230.961
311        229.229        230.237
312        229.229        229.774
313        227.989        229.733
314        225.224        229.556
315        224.045        228.733
316        224.045        227.271
317        220.482        226.136
318        220.482        224.983
319        220.482         223.33
320         216.44        222.156
321         216.44        221.271
322         216.44        219.381
323         216.44        218.505
324         216.44        217.958
325         216.44        217.724
326         216.44        217.779
327         216.44        217.637
328         216.44        217.842
329        216.208        217.816
330        216.208        217.735
331        214.896        218.089
332        214.896        222.887
333        210.788        224.496
334        209.629        229.486
335        209.629        222.126
336        208.723         218.67
337        208.723        212.618
338        208.723        210.038
339        208.512        209.276
340        206.756        208.925
341        206.756        208.492
342         205.64        207.821
343         205.64         207.08
344         205.64         206.41
345        205.531        206.123
346        205.531        205.934
347        205.195        205.705
348          202.9         205.53
349        199.594        205.153
350        199.485        204.486
351        198.134        202.809
352        196.875        201.015
353        196.875        199.826
354        196.875        198.869
355        196.875        197.882
356        196.875        197.288
357         196.43        197.349
358         196.43        197.068
359        195.722        196.704
360        195.277        196.514
361        195.277        196.045
362        195.277        195.707
363        195.277        195.619
364        195.277        195.597
365        195.277        195.468
366        195.277        195.505
367        195.277        195.434
368        192.868        195.467
369        192.868        195.314
370        192.868        196.102
371        192.868        197.248
372        192.588        200.903
373        190.439         199.82
374        190.439        195.307
375        190.439         193.07
376        190.439        191.661
377        190.439        191.135
378        188.622        191.081
379        188.622        190.856
380        188.622        189.726
381        184.204         189.34
382        184.204        189.047
383        184.204        187.723
384        184.204        186.362
385        184.204         185.72
386        184.204        185.569
387        184.204        185.832
388        184.204        185.386
389        184.204        185.367
390        184.204        185.714
391        184.204         185.77
392        184.204        185.499
393        183.931        185.526
394        183.931        184.875
395        183.931        184.377
396        181.625        184.319
397        181.625        183.856
398        181.625         183.53
399        181.625        183.248
400        181.625        183.482
401        180.885        183.164
402        180.885        182.516
403        180.885        181.825
404        180.885         181.45
405        179.822        181.388
406        178.026        181.329
407        176.963        180.191
408        176.888        178.973
409        176.342        177.718
410        176.342        177.107
411        172.343        176.719
412         171.28        176.061
413        171.246        174.464
414        170.617        172.893
415        170.617        171.589
416         170.52        171.102
417        170.517        170.832
418        170.483          170.6
419        168.662        170.527
420        168.662        170.314
421        168.662        169.716
422        168.662        169.215
423        168.662        169.164
424        168.662         168.94
425        168.662        169.027
426        168.662        169.128
427        168.662        168.989
428        168.662        168.828
429        167.805        169.092
430        167.805        169.286
431         167.04        168.345
432         167.04        168.064
433         167.04        167.623
434         167.04        167.333
435         167.04         167.24
436         167.04        167.245
437         167.04        167.256
438         167.04        167.328
439         167.04        167.368
440         167.04        167.707
441         167.04        169.587
442         167.04        169.236
443         167.04        168.449
444        166.507        169.401
445        166.507        167.648
446        166.507        166.963
447        165.801        166.752
448        165.496        166.631
449        163.564        166.319
450        163.564        165.721
451        163.467        164.948
452        163.467        164.303
453        163.053        163.641
454        162.956         163.47
455        162.911        163.273
456        162.911        163.097
457        162.911        162.971
458        162.911         162.93
459        162.911        162.926
460        162.911        162.924
461        162.604        162.923
462        162.508        162.895
463        162.508        162.812
464        161.003        162.684
465        160.511        162.494
466        160.511        162.017
467        160.465        161.432
468        160.337        161.088
469        160.291        160.717
470        158.422        160.417
471        158.376        160.154
472        158.376        159.743
473        158.376        159.128
474        158.376        158.857
475        156.641        158.752
476        156.641        158.426
477        156.641        158.271
478        155.342        159.556
479        155.342        157.863
480        155.342        156.859
481        155.342        156.174
482        155.342         155.91
483        155.342        156.388
484        155.342        156.017
485        155.342        156.467
486        155.342        157.612
487        155.342        158.406
488        154.805        158.473
489        154.805        156.924
490        154.805        155.738
491        154.805        155.323
492        154.805        155.222
493        154.805        155.131
494        154.805        155.456
495        154.805        156.085
496        154.805        156.429
497        154.805        156.954
498        154.805        157.114
499        154.805        156.833
500        154.805        158.343
501        154.805        159.125
502        154.805          157.7
503        154.805        157.626
504        154.805        158.834
505        154.805        158.878
506        153.502        159.447
507        153.502        157.287
508        153.502        154.536
509        153.502        154.194
510        153.502        154.096
511        153.502        154.027
512        153.502        153.964
513        153.502        154.027
514        153.502        154.239
515        153.502        154.491
516        153.502        154.748
517        153.502         155.21
518        153.502        155.317
519        153.502        154.244
520        153.502        154.558
521        153.502        154.668
522        153.502        156.336
523        153.502        155.072
524        153.442        156.969
525        153.442        155.908
526        153.078        154.113
527        149.718        153.434
528        149.718        153.112
529        149.293        152.381
530        149.293        151.165
531        149.293        150.225
532        149.258        149.596
533        149.258        149.551
534        149.258        149.333
535        149.258        149.289
536        149.258        149.294
537        149.258        149.317
538        149.258         149.31
539        149.258        149.396
540        149.258        149.605
541        149.258        151.178
542        149.258        152.107
543        149.258        150.296
544        148.952        151.229
545        148.952        152.116
546        148.952        149.541
547        148.952        149.325
548        148.952        149.126
549        148.952        149.089
550        148.952        149.614
551        146.663        149.861
552        146.663        149.166
553        146.663         148.21
554        146.663          147.8
555        146.663         147.86
556        146.663         147.57
557        146.663        147.415
558        146.663        147.333
559        146.663         147.56
560        146.663        147.556
561        146.663        147.174
562        146.663        148.408
563        146.663        148.836
564        146.663        148.739
565        146.663        149.743
566        146.663        151.546
567        146.663        151.091
568        146.663        151.125
569        146.663        150.948
570        146.663        151.925
571        146.663        151.159
572        146.663        148.753
573        144.849        150.761
574        144.849        149.916
575        144.849        148.161
576        144.849        147.689
577        144.849        148.384
578        144.849        147.414
579        144.849         148.16
580        144.849        149.511
581        144.849        149.461
582        144.849        149.448
583        144.849        149.726
584        144.832        148.935
585        144.832         149.74
586        144.832        149.123
587        144.832        149.755
588        144.151        152.288
589        144.151        151.214
590        143.825        147.843
591        143.825        147.888
592        143.825        145.078
593        143.825        144.556
594        143.825        144.617
595        143.825        144.557
596        143.825        145.285
597        143.825        144.924
598        143.825        144.584
599        143.825        144.669
600        143.825        145.167
601        143.825        145.537
602        143.825        146.365
603        143.825        146.401
604        143.825        145.827
605        143.825        145.741
606        143.825        146.136
607        143.538        146.325
608        143.538        145.402
609        143.212        144.677
610        143.212        143.954
611        141.563        143.675
612        141.563        143.239
613        141.563        142.555
614        141.563        142.422
615        141.563        142.325
616        141.563        142.393
617        141.563        142.761
618        141.563        142.309
619        141.563        142.506
620        141.349        142.272
621        141.349        142.458
622        141.349        141.754
623        141.349        141.557
624        140.936        141.472
625        140.936        141.375
626        140.936         141.21
627        140.936        141.112
628        140.936        141.092
629        140.936        141.084
630        140.936        141.059
631        140.936        141.054
632        140.936        141.055
633        140.936        141.048
634        140.936        141.052
635        140.936        141.131
636        140.936        141.125
637        140.936         141.24
638        140.936        141.072
639        140.936        141.239
640        140.936        141.349
641        140.936        142.138
642        140.936        142.025
643        140.936        141.558
644        140.936        144.338
645        140.675        144.333
646        140.675        141.892
647        140.675        141.466
648        140.675         140.94
649        140.675        140.852
650        140.675        140.899
651        140.675          140.8
652        140.675        140.764
653        140.675        140.784
654        140.675        141.135
655        140.675        140.958
656        140.675        141.208
657        140.185        141.289
658        140.185        141.005
659        140.185        140.573
660        135.791         140.41
661        135.791        139.846
662        135.791        138.979
663        135.791        137.752
664        135.791        137.712
665        135.791        137.565
666        135.791        138.287
667        135.791        137.976
668        135.791        138.318
669        135.637        138.149
670        135.637        138.389
671        135.637        136.587
672        135.637        135.822
673        135.637         135.69
674        135.637        135.979
675        135.637        136.923
676        135.637        138.359
677        135.599        137.289
678        135.599        135.829
679        135.599        135.635
680        135.423        135.614
681        135.423        135.583
682        134.341        135.511
683        134.341        135.352
684        134.341        134.948
685        134.341         134.74
686        134.341        134.682
687        134.341        134.614
688        134.341        134.685
689        134.341        134.755
690        134.341        135.003
691        134.341        135.191
692        134.341        135.055
693        134.341        135.193
694        134.341        135.472
695        134.341        136.327
696        134.341        135.779
697        134.341        137.344
698        134.341        136.762
699        134.341        135.668
700        134.341        135.591
701        134.341         137.41
702        134.341        137.566
703        133.896        137.025
704        133.896         137.86
705        133.896        134.643
706        133.896        134.166
707        133.896        134.094
708        133.896        134.067
709        133.823        134.057
710        133.823        134.044
711        133.823        133.949
712        133.823        133.854
713        132.217         133.84
714        132.217        133.709
715         131.79        133.161
716        130.184        132.649
717        130.184        132.095
718        130.184        131.441
719        130.184         130.98
720        130.184        130.884
721        130.184        130.816
722        130.184        130.755
723        130.184        130.731
724        130.086        130.758
725        130.086         130.86
726        130.086        131.146
727        130.086        135.065
728        130.086        136.668
729        130.086        136.953
730        130.086        138.083
731        130.086        139.898
732        130.086        141.035
733        130.086        139.136
734        130.086        142.236
735        130.086        142.665
736        130.086        143.242
737        130.086         140.88
738        130.086        142.464
739        130.086        143.546
740        130.086         141.85
741        130.086        140.724
742        130.086        140.997
743        130.086        139.337
744        130.086        136.068
745        130.086        134.983
746        130.086        137.042
747        130.086        135.316
748        130.086        135.258
749        130.086        137.119
750        130.086        136.947
751        130.086        138.599
752        130.086        139.839
753        130.086        142.178
754        130.086        145.301
755        130.086        142.655
756        130.086        143.699
757        130.086        141.155
758        130.086        141.392
759        130.086         139.99
760        130.086        139.404
761        130.086        139.352
762        130.086        136.478
763        130.086        135.309
764        130.086        136.281
765        130.086        136.122
766        130.086        137.087
767        130.086        137.484
768        130.086        136.648
769        130.086         138.93
770        130.086        141.099
771        130.086        139.497
772        130.086        137.251
773        130.086        135.325
774        130.086        133.402
775        130.086        132.645
776        130.086        132.189
777        130.086        133.509
778        130.086        134.936
779        130.086        134.717
780        130.086        133.687
781        130.086        132.978
782        130.086        132.202
783        130.086        133.314
784        130.086        132.749
785        130.086        134.646
786        130.086        135.565
787        130.086        134.488
788        130.086        134.956
789        130.086        133.804
790        130.086        133.736
791        130.086        134.101
792        129.632         135.66
793        129.632         134.13
794        129.632        131.023
795        129.632        130.367
796        129.632        130.368
797        129.632         130.91
798        129.632        130.988
799        129.632        130.692
800        129.632        130.374
801        129.632        130.531
802        129.471        130.918
803        129.471        129.959
804        129.471        129.607
805        129.471        129.576
806        129.471        129.537
807        129.471        129.804
808        129.471        129.936
809        129.471        130.121
810        129.471        130.151
811        129.471        130.368
812        129.471        130.111
813        129.471        130.811
814        129.471        130.354
815        129.471         132.05
816        129.471        132.783
817        129.471        133.386
818        129.471        133.938
819        129.471        135.856
820        129.471        135.606
821        129.471        133.723
822        129.471        135.257
823        129.471         136.17
824        129.471        135.818
825        129.471         133.19
826        129.471        134.074
827        129.471        135.503
828        129.188        136.757
829        129.188        133.234
830        129.188        130.775
831        129.188        130.418
832        128.163         129.46
833        128.163        129.682
834        128.163        129.647
835        128.163        128.829
836        128.163        128.845
837        128.163        129.194
838        128.163        128.779
839        128.163        128.811
840        128.163        129.512
841        128.163        129.395
842        128.163        129.747
843        128.163        131.034
844        128.163        132.695
845        128.163        132.423
846        128.163        132.073
847        128.163        132.097
848        128.163        130.653
849        128.163         130.69
850        128.163        133.457
851        128.163        132.979
852        128.163         134.92
853        128.163        132.041
854        128.163        130.845
855        128.163        130.923
856        128.163        132.089
857        128.163        131.354
858        128.163        133.094
859        128.163        131.207
860        128.163        132.454
861        128.163         133.66
862        128.163        131.573
863        128.163        131.864
864        128.163        131.489
865        128.163        131.203
866        128.163        133.098
867        128.163        133.842
868        127.008        132.784
869        127.008        130.463
870        127.008        128.393
871        127.008        127.801
872        127.008        127.615
873        127.008        127.895
874        125.094        127.744
875        125.094        127.516
876        125.094        126.301
877        125.094          125.9
878        125.094        125.802
879        125.094        125.682
880        125.094        125.651
881        125.094        125.641
882        125.094        125.716
883        125.094        125.678
884        125.094        125.629
885        125.094        125.851
886        125.094        126.397
887        125.094        126.378
888        125.094        126.751
889        125.094        125.959
890        125.094        125.646
891        124.882        125.885
892        124.882        125.448
893        124.882        125.253
894        124.882        125.122
895        124.882        125.043
896        124.882        124.961
897        124.882        124.946
898        124.882        125.049
899        124.882        125.092
900        124.882        125.211
901        124.882        125.556
902        124.882        126.156
903        124.882        127.532
904        124.882        128.186
905        124.882        129.084
906        124.882        130.215
907        124.882        129.203
908        124.882        128.657
909        124.882        128.779
910        124.882         126.95
911        124.882        128.448
912        124.882        128.578
913        124.882        127.037
914        124.882        126.321
915        124.882        128.214
916         123.84        130.435
917         123.84        128.706
918         123.84            125
919         123.84        124.482
920         123.84        124.783
921         123.84         124.48
922         123.84        124.791
923         123.84        125.035
924         123.84        125.112
925         123.84        125.545
926         123.84         125.27
927         123.84         125.27
928         123.84        125.635
929         123.84        125.484
930         123.84        125.177
931         123.84        125.054
932        122.266        124.783
933        122.266        124.141
934        120.965        123.393
935        120.965        122.665
936        120.965        121.915
937        120.965         121.49
938        120.965        121.464
939        120.965        121.396
940        120.965        121.413
941        120.965        121.511
942        120.965         121.54
943        120.965        121.429
944        120.903        121.377
945        120.903        121.258
946        120.903        120.999
947        120.903        120.929
948        118.987        120.917
949        118.987        120.673
950         118.72        120.034
951        116.626        119.543
952        116.626        118.806
953        116.003         118.03
954        116.003         117.39
955        116.003         116.36
956        116.003        116.226
957        116.003        116.189
958        116.003        116.197
959        116.003        116.482
960        116.003        116.632
961        116.003        116.534
962        116.003        116.654
963        115.698        117.025
964        115.698        116.319
965        115.698        115.968
966        115.317        115.826
967        115.317        115.743
968        115.317        115.563
969        115.317        115.466
970        115.317         115.46
971        115.317        115.451
972        115.317        115.442
973        115.144        115.436
974        115.144        115.396
975        115.144         115.25
976        115.144        115.207
977        115.144        115.192
978        115.144        115.195
979        115.144        115.214
980        115.144        115.273
981        115.144        115.327
982        115.144        115.732
983        115.144        115.954
984        115.144        115.773
985        114.739        115.766
986        114.565        115.511
987        114.565        115.028
988        114.565        114.829
989        114.565        114.691
990        114.565         114.68
991        113.233        114.631
992        113.233        114.491
993        113.233        113.983
994        113.233        113.737
995        113.233        113.659
996        113.233        113.582
997        113.233        113.627
998        113.233        113.679
999        113.233        113.694
1000        113.233         113.61
1001        113.233        113.563
1002        113.233         113.66
1003        112.809        113.696
1004        112.809        113.521
1005        112.809        113.191
1006        112.809         113.01
1007         107.98        112.922
1008        107.556        112.477
1009        107.556        110.632
1010        107.556        108.779
1011        107.556        107.883
1012        107.556        107.813
1013        107.556        108.195
1014        107.556        107.917
1015        107.556        108.751
1016        107.556        108.556
1017        107.556        108.633
1018        107.556        108.745
1019        107.556        108.602
1020        107.556        109.046
1021        107.556        110.302
1022        107.556         109.27
1023        107.556        111.836
1024        107.556        116.534
1025        107.556        116.515
1026        107.556        114.672
1027        107.556        112.757
1028        107.556        112.557
1029        107.556        110.797
1030        107.556        113.518
1031        107.556        110.865
1032        107.556        110.577
1033        107.556         111.12
1034        107.556            111
1035        107.556        109.895
1036        107.556        109.924
1037        107.556        109.682
1038        107.556        109.616
1039        107.556        111.764
1040        107.556        110.043
1041        107.556        110.384
1042        107.556        110.668
1043        107.556         110.41
1044        107.556         112.04
1045        107.556        111.749
1046        107.556        111.533
1047        107.556        110.549
1048        107.556        109.417
1049        107.556         109.47
1050        107.556        108.517
1051        107.556        108.301
1052        107.556        110.277
1053        106.958        110.148
1054        106.958        108.138
1055        106.958        107.378
1056        106.958        107.234
1057        106.958        107.223
1058        106.958        107.164
1059        106.958        107.307
1060        106.958        107.398
1061        106.958        107.171
1062        106.958        107.181
1063        106.958         107.21
1064        106.958        107.295
1065        106.958        107.189
1066        106.958        107.321
1067        106.958        107.541
1068        106.958        108.767
1069        106.958        110.029
1070        106.958        111.588
1071        106.958        111.586
1072        106.958        112.633
1073        106.958        111.464
1074        106.958        110.999
1075        106.958        109.135
1076        106.958        108.772
1077        106.958        108.297
1078        106.958        108.731
1079        106.958        109.953
1080        106.958        110.806
1081        106.958        113.292
1082        106.958        112.847
1083        106.958        111.418
1084        106.958        111.751
1085        106.958         112.69
1086        106.958        114.692
1087        106.958        111.847
1088        106.958        108.686
1089        106.958        109.501
1090        106.853        109.852
1091        106.853        108.414
1092        106.853         107.26
1093        106.853        107.085
1094        106.853        106.961
1095        106.853        107.556
1096        106.853        107.418
1097        106.853        107.449
1098        106.853        108.257
1099        106.853        108.019
1100        106.853        107.896
1101        106.853        108.369
1102        106.853        109.031
1103        106.853        109.236
1104        106.853        110.331
1105        106.853        109.271
1106        106.745        112.277
1107        106.745        111.534
1108        106.745        107.559
1109        106.745         106.88
1110        106.745        106.918
1111        106.745        106.806
1112        106.745        106.938
1113        106.745        107.468
1114        106.745        107.832
1115        106.745        107.994
1116        106.745            109
1117        106.745        110.926
1118        106.745        109.767
1119        106.745        111.681
1120        106.745        111.422
1121        106.745        112.197
1122        106.745        110.919
1123        106.745        109.278
1124        106.745         110.53
1125        106.745        111.103
1126        106.745        110.996
1127        106.745        112.118
1128        106.745         109.48
1129        106.745        110.673
1130        106.745        109.897
1131        106.745         109.98
1132        106.745        112.079
1133        106.745        111.605
1134        106.745        109.548
1135        106.745        112.335
1136        106.745         112.14
1137        106.745        110.332
1138        106.745        110.857
1139        106.745        113.373
1140        106.745        112.799
1141        106.745        110.565
1142        106.745        112.801
1143        106.745        109.804
1144        106.745        112.312
1145        106.745        109.663
1146        106.745         111.47
1147        106.745        110.127
1148        106.745         111.93
1149        106.745         111.17
1150        106.745        110.823
1151        106.745        111.025
1152        103.432        111.665
1153        101.844        112.312
1154        101.778        112.427
1155        101.778        114.577
1156         97.101        105.783
1157        96.7949        102.385
1158        96.7949        99.7978
1159        96.7949        98.2855
1160        96.7949        97.3972
1161        96.7949         97.331
1162        96.7949        97.7156
1163        96.7949        97.6076
1164        96.7949        98.4844
1165        96.7949        98.7295
1166        93.0821        97.7247
1167        93.0821        96.5669
1168        93.0821        95.3366
1169        93.0821        94.9465
1170         92.461        94.6476
1171         92.461        94.2923
1172         92.461        93.2891
1173         92.461        92.6937
1174         92.461        92.8805
1175         92.461        93.1018
1176         92.461        93.6922
1177         92.461        96.0531
1178         92.461        93.9669
1179         92.461        93.7344
1180        91.7604        95.1065
1181        91.7604        95.4099
1182        91.7604        97.2169
1183        91.7604        97.7633
1184        91.7604        104.226
1185        89.1096        99.8347
1186        89.1096         105.48
1187        85.6426         96.562
1188        85.6426        94.3451
1189        85.6426        91.8554
1190        85.6426        91.4261
1191        85.6426        90.2931
1192        85.6426        89.0205
1193        85.6426        88.6757
1194        85.6426        89.9236
1195        85.6426        89.4535
1196        85.6426        93.4071
1197        85.4386         91.734
1198        85.4386        90.3936
1199        85.4386        86.6892
1200        85.4091        86.1939
