Generation  Best distance  Mean distance
1        2251.51        2773.77
2        2247.15        2607.69
3        2152.86        2446.53
4        2020.36        2332.94
5        2000.77        2248.31
6        1865.53        2153.67
7        1865.53        2073.74
8        1773.89        2014.69
9        1769.16        1928.94
10         1714.5        1873.18
11        1641.06        1803.77
12        1619.14        1750.27
13        1601.83        1699.02
14        1540.94        1650.18
15        1500.79        1620.43
16        1474.06        1593.76
17        1452.93        1566.17
18        1452.93        1528.98
19        1412.78        1502.02
20        1412.78        1467.01
21        1387.36        1445.56
22        1348.94        1423.61
23        1337.81        1404.38
24        1303.23        1377.68
25        1303.23        1355.67
26        1292.17        1335.68
27        1277.96        1320.87
28        1227.06        1307.23
29        1221.13        1290.09
30        1167.31        1267.88
31        1167.31        1242.36
32        1099.51        1214.49
33        1099.51        1191.77
34        1050.84        1158.59
35        1040.89        1121.91
36         1032.5        1100.53
37         1032.5        1070.88
38        990.081        1060.27
39        981.695        1044.57
40        979.687        1031.96
41        952.253        1022.51
42        951.809        1012.09
43        943.867        1007.82
44        937.354        984.849
45        922.983        969.272
46         909.41        963.095
47        908.341          951.2
48        884.364        941.806
49        881.795        929.989
50         878.56        911.922
51        875.224         897.46
52         862.42        887.675
53         807.85        878.108
54        778.481        862.608
55        778.361        837.333
56        775.126        813.532
57        739.866        790.677
58        736.631        777.558
59        721.813        761.787
60        708.924        746.195
61        688.978        733.049
62        687.675        715.835
63        673.433        705.645
64        667.877        692.648
65        655.504        682.826
66        655.504        678.509
67        634.689        674.428
68        623.497        666.709
69        623.497        654.676
70        591.646        646.753
71        591.646        637.235
72        575.311        623.969
73        560.647        611.286
74        557.645         595.78
75        536.721        585.735
76        536.721        575.287
77         525.14        565.719
78        523.749        555.728
79        522.138        541.572
80        522.138        532.229
81          521.8        527.641
82        520.832        526.474
83        515.978         525.09
84         515.64        523.022
85         515.64        520.619
86        515.069        519.079
87        506.258        517.575
88        502.293        515.358
89        492.572         512.47
90        484.579        507.756
91        471.524        501.874
92        470.615        493.971
93        469.491        486.476
94        464.574        477.814
95         459.76        471.904
96        448.391        468.325
97        446.358        463.435
98         445.81        457.494
99         445.81        451.602
100        443.622        448.418
101        437.278         446.28
102        437.278         444.55
103        426.805        442.326
104        420.461        438.727
105        420.001        433.162
106        420.001        427.127
107        413.132        423.459
108        412.672        421.618
109        410.869        418.724
110        406.999        415.364
111        395.841        412.646
112        395.841        410.099
113        395.329        405.739
114        395.329         402.07
115        393.109        398.567
116        393.109        395.781
117        393.109        394.788
118         388.59        394.314
119         388.59         393.35
120        387.139        391.534
121        382.906        390.277
122        380.639        387.861
123        379.188        385.592
124        378.436        383.349
125         377.62        380.856
126        376.169         379.87
127        376.169        378.637
128        374.911         377.65
129        374.911        376.987
130        374.504        376.147
131        374.504        375.398
132        372.755        375.004
133        370.546        374.697
134        368.391        373.854
135        364.794        372.611
136         360.43        370.547
137        360.023        367.862
138          359.8        364.671
139        353.987        362.027
140        353.987        360.501
141        351.153        358.919
142        350.486        357.166
143         349.71        354.935
144         349.71        353.029
145        347.763        351.113
146        346.921         350.02
147        345.051        349.077
148        342.262        347.894
149        342.262        346.455
150        342.262        344.823
151        338.709        343.704
152        338.709        342.859
153        336.063        341.567
154        335.779        340.351
155        335.779        338.281
156         333.09        336.466
157        332.378        335.819
158        330.693         334.84
159        330.693        333.839
160        329.253        332.553
161        324.167        331.381
162        324.167        329.351
163        324.167        327.773
164        323.454        326.448
165        323.454        325.393
166        323.454        324.572
167        323.454        324.143
168        316.599        323.838
169        316.599         323.47
170        315.964        321.323
171        312.752        319.324
172        311.935        316.322
173        311.209          314.4
174        306.581        313.164
175        306.581        311.984
176        305.763        310.659
177        305.763        309.025
178        305.763         307.45
179        303.882        306.448
180        303.882        306.155
181        303.116        305.437
182         297.75         304.76
183        297.149        303.304
184        295.103         300.73
185        293.189        298.924
186        292.329        297.782
187        292.329        296.483
188        292.151        297.104
189        290.827         298.45
190        289.078        298.346
191        288.476        297.722
192        270.192        296.575
193        269.591        292.431
194        268.977         285.27
195        265.805         281.39
196        265.805        272.376
197        260.254        269.197
198        260.254        267.044
199        257.912        264.199
200        257.735        262.062
201        253.989        260.671
202        253.811         258.88
203        253.811        257.139
204        252.068        255.421
205        252.068        254.566
206        252.068        254.914
207        252.068        257.778
208        252.068        265.823
209        252.068        269.359
210        252.068         274.29
211        252.068        277.539
212        251.818        278.701
213        251.818        272.597
214        251.818        266.813
215        251.702        263.639
216        251.702        263.702
217        251.702        258.039
218        251.702        253.948
219        251.702        253.438
220        251.702        252.033
221        247.651        252.065
222        236.956        251.879
223        236.956        250.359
224        236.956         247.42
225        235.254        245.091
226        235.254        241.353
227        235.254        238.654
228        235.254        236.338
229        235.254        236.949
230        235.254        236.826
231        233.868        236.385
232        233.868        235.709
233        233.868        234.901
234        233.868        234.473
235        233.868        234.356
236        232.946        234.474
237        232.946        234.056
238        232.527        233.499
239        232.527        233.174
240        232.527        232.925
241         232.49        232.754
242         232.49        232.689
243         232.49        232.592
244         232.49        232.542
245         232.49        232.517
246        228.917        232.534
247        228.917        232.193
248        228.917        231.282
249        228.917        230.546
250        227.915        230.496
251        227.915        230.005
252        227.915        229.263
253        227.915        228.641
254        227.823        228.374
255        227.823        228.583
256        227.823        228.051
257        225.578        227.953
258        225.578        227.752
259        222.196        227.198
260        219.812        225.918
261        219.812        223.899
262        219.812        222.059
263        219.812        221.027
264        219.812        220.563
265        219.812        220.801
266        219.812        221.013
267        219.812        220.697
268        219.812        221.003
269        219.711        220.909
270        217.327        220.419
271        217.327        219.544
272        217.327        218.779
273        217.052        218.157
274        217.052        217.772
275        216.443        217.257
276        216.443         217.11
277        216.443        216.936
278         216.19        216.741
279        215.917        216.569
280        215.917        216.356
281        215.917        216.264
282        215.917        216.332
283        215.917        216.471
284        215.917        217.626
285        215.917        218.153
286        215.917        221.732
287        215.917        225.653
288        215.917        227.444
289        215.572        229.397
290        215.572        226.775
291        211.537        221.511
292         210.12        217.661
293         210.12        216.085
294         210.12        214.917
295        209.601        213.829
296        209.601        212.749
297        209.459          211.1
298        204.365        210.898
299        204.365        209.404
300        204.223        208.615
301        203.964        207.121
302        202.963        205.748
303        202.963        204.511
304        201.582        203.715
305        201.582          203.3
306        200.581        202.536
307        200.581        201.693
308        200.581        201.073
309        199.676        200.929
310        199.676        200.715
311        199.676        200.277
312        199.676        200.124
313        199.676        199.998
314        199.676        199.981
315        196.275        199.954
316        196.275        199.465
317        196.275        198.323
318        196.275        197.552
319        194.727        197.354
320        194.727        196.725
321        190.782        195.742
322        190.782        195.103
323        190.097        194.232
324        190.097        193.404
325        190.097        191.988
326        190.097        191.243
327        190.041        191.252
328        190.041        191.338
329        189.155         190.94
330        186.913        190.351
331        184.623        190.254
332        183.738        188.989
333        183.738        187.631
334        183.738        185.844
335        183.738        185.718
336        183.738        185.532
337        183.738        184.934
338        183.738         184.96
339        183.624        185.182
340        183.624        185.415
341        183.624        189.629
342        183.624        200.204
343        183.624        206.718
344        183.624        210.264
345        183.624        212.767
346        183.624         207.71
347        183.624        206.763
348        183.624        205.083
349        181.159        201.159
350        181.159         193.04
351        181.159        185.732
352        181.159        183.006
353        179.134        183.102
354        177.589        182.534
355        177.589        183.159
356        177.589         182.44
357        171.987        181.575
358        171.987        184.279
359        171.987        177.821
360        171.987         175.79
361        171.987        175.797
362        171.987        174.728
363        171.987        175.095
364        171.987        175.023
365        171.987        175.111
366        171.987        174.405
367        171.987        174.491
368        171.987        175.071
369        171.987        174.459
370        171.987        173.479
371        171.113        173.297
372        171.113        173.103
373        168.108        172.709
374        168.108         171.86
375        168.108        170.457
376        168.108         169.57
377        168.083        169.347
378        168.083         169.12
379        167.399         168.48
380        167.374        168.336
381        167.374        167.994
382         167.31        167.718
383         167.31        167.518
384         167.31        167.361
385         167.31        167.335
386         167.31        167.332
387         167.31        167.326
388         167.31        167.324
389         167.31        167.325
390         167.31        167.326
391         167.31        167.466
392         167.31        167.889
393        166.622        167.828
394        163.787        168.433
395        163.787        166.846
396        163.787        165.946
397        163.787        165.424
398        163.787        165.131
399        163.787        164.882
400        161.926         165.05
401        161.926        164.521
402        161.926        163.442
403        161.926        162.922
404        161.926         162.69
405        161.926          162.6
406        161.926        162.598
407        161.926        162.652
408        161.926        162.568
409        161.926        162.483
410        161.926        162.776
411        161.926        163.273
412        161.626        163.859
413        161.037        162.717
414        161.037        162.077
415        159.304        161.534
416        159.304        161.252
417        158.415        160.561
418        157.828        159.638
419        157.828        158.964
420        157.828        158.755
421        157.828         159.55
422        157.828        158.992
423        156.487        158.759
424        156.487        159.112
425        155.908        158.648
426        154.647        157.924
427        154.069        156.593
428        154.069        155.919
429        153.728        155.219
430        153.728        154.586
431        153.728        154.303
432        153.728        154.143
433        153.571        154.022
434        153.369        153.854
435        151.326        153.854
436        151.326        153.579
437        151.326        153.059
438        151.107        152.547
439        151.107        152.086
440        151.107        151.725
441        145.381        151.639
442        145.381        150.699
443        145.381        149.073
444        145.381        147.835
445        145.381        147.677
446        145.381         147.52
447        145.381        147.733
448        145.381        148.634
449        145.381        149.761
450        145.381        150.526
451        145.381        149.632
452        145.381         149.54
453        145.381        147.866
454        145.381        148.731
455        145.381        149.197
456        145.381        148.962
457        145.381        147.935
458        145.125        148.979
459        145.125        147.886
460        145.125        145.942
461        144.741        145.608
462        144.306        145.203
463        144.306        144.997
464        144.306        144.743
465        144.306        144.524
466        144.306        144.435
467        144.306         144.48
468        144.306        144.488
469        143.852        144.505
470        143.852        144.451
471        143.852         144.21
472        143.852        144.063
473        143.852        143.999
474        143.852        143.997
475        143.852         143.98
476        143.852        144.048
477        143.852        145.384
478        143.852        144.448
479        143.852         145.73
480        143.852        145.738
481        143.852         147.15
482        143.852        147.925
483        143.852        148.371
484        143.852        146.775
485        143.852        148.538
486        143.852        148.183
487        143.852        147.861
488        143.852        146.255
489        143.852        145.865
490        143.852        146.542
491        143.852        146.592
492        143.852        146.803
493        143.852        147.008
494        143.852        145.984
495        143.001        146.311
496        143.001        144.252
497        143.001        143.876
498        143.001        143.423
499        143.001        143.333
500        143.001        143.353
501         141.59        143.295
502         141.59        143.045
503        141.115        142.511
504        141.115        141.955
505        141.115        141.578
506        140.561        141.343
507        139.906        141.285
508        139.906        141.063
509        139.906        140.734
510        139.906        140.421
511        139.906        140.316
512        139.906        140.346
513        139.906         140.47
514        139.906         140.88
515        139.906        140.976
516        139.906        141.572
517        139.297        141.338
518        139.046        140.295
519        139.046         139.87
520        138.623        139.813
521        138.623        139.698
522        138.623        139.155
523        138.623        139.003
524        138.623        138.908
525        138.623         138.89
526        138.623        139.592
527        138.623        139.681
528        138.623        139.865
529        138.623        140.198
530        138.623        140.227
531        137.003        140.651
532        137.003        140.589
533        137.003        142.041
534        137.003        151.899
535        137.003        159.131
536        137.003        159.004
537        137.003        158.366
538        137.003        158.299
539        137.003        155.794
540        137.003        155.705
541        137.003        151.691
542        137.003        149.939
543        137.003        151.428
544        137.003        149.505
545        135.208        148.567
546        135.208        145.937
547        135.208        143.134
548        135.208        140.365
549        135.208        138.651
550        135.208        140.297
551        132.838        140.756
552        132.838        137.664
553        132.838        135.288
554        132.838        133.958
555        132.221        133.978
556        131.358        133.503
557        131.358        132.753
558        131.358         132.19
559         131.18        131.902
560         131.18         131.64
561         131.18        131.374
562         131.18        131.273
563         131.18        131.274
564         131.18        131.296
565        130.809        131.283
566        130.809        131.238
567        128.841        131.068
568         128.47         130.87
569         128.47        130.271
570         128.47        129.372
571         128.47        129.034
572         128.47        128.771
573         128.47        128.868
574        111.569        128.824
575        111.569        127.719
576        111.569        123.804
577        111.569        120.885
578        111.569        120.553
579        111.569        119.217
580        111.199        116.223
581        111.199        115.562
582        111.199        112.415
583        111.199        111.554
584        111.199        111.515
585        110.376        111.662
586        110.376        111.403
587        110.191         111.03
588        110.191        110.775
589        110.127        110.565
590        109.493        110.349
591        109.073        110.198
592        106.294        109.871
593        105.176         109.37
594        104.478        108.447
595        104.478        106.987
596        104.478        105.919
597        104.478        105.255
598        104.478        105.322
599        104.478        105.711
600        104.478        106.673
601        104.478        106.218
602        104.478        107.091
603        104.478        106.792
604        104.478        106.731
605        104.478        106.486
606        104.478        106.673
607        104.478        108.692
608        104.478        107.667
609        104.478        111.394
610        104.478         112.09
611        104.478        110.929
612        104.478        111.363
613        104.478        109.931
614        104.478        108.693
615        104.478        109.531
616        104.478        109.987
617        104.296        108.484
618        104.296        107.702
619        103.533        104.597
620        103.533        104.317
621        103.533        104.123
622        103.533        103.934
623        103.253        103.803
624        103.253        103.751
625        103.253        104.011
626        102.928        106.537
627        102.928        116.167
628        102.794        122.001
629        102.794        115.721
630        102.794        114.381
631        102.794        114.464
632        102.794        111.784
633        102.794        109.964
634        102.794        110.047
635        102.794        110.395
636        102.794        110.382
637        102.794        108.113
638        102.794        108.208
639        102.794        107.018
640        102.794        107.666
641        102.794        108.505
642        102.794        108.364
643        102.794        109.926
644        102.794        108.214
645        102.794        108.064
646        102.794         106.98
647        102.794        107.975
648        102.794        109.228
649        102.794        109.199
650        102.794         109.45
651        102.794        106.485
652        102.794        106.557
653        102.653        106.624
654        102.653        106.123
655        102.325        103.315
656        102.325        102.901
657        102.191        103.087
658        102.191        103.255
659         101.83        102.767
660         101.83        102.326
661         101.83        102.111
662         101.83        101.982
663         101.83         101.99
664         100.25        102.095
665        98.9389        101.912
666        98.9389         101.02
667        97.9905        100.053
668        97.9905        99.5582
669        97.9905        98.8393
670        97.9905        98.4951
671        97.9905        98.3433
672        97.9905        98.3206
673        97.9905        98.3275
674        97.9905        98.6452
675        97.9905        99.9068
676        97.9905        100.811
677        97.9905        100.401
678        97.9905        99.3621
679        97.9905        100.765
680        97.9905        100.445
681        97.9905        101.445
682        97.9905        102.315
683        97.9905        101.046
684        97.9905          104.2
685        97.9905        104.656
686        97.5674        103.508
687        97.5674        101.676
688        97.5674        99.9623
689        97.5674        100.323
690        97.5674        100.034
691        97.5674        99.7143
692        97.5674        99.9948
693        97.5674        101.747
694        97.5674        102.302
695        97.5674         100.64
696        97.5674        100.115
697        97.5674        100.386
698        97.5674        101.697
699        97.5674        101.443
700        97.5674        100.638
701        97.5674        99.9769
702        97.5674        101.036
703        97.5674        98.7499
704        97.5674        98.7939
705        97.5674        99.0832
706        97.5674        99.4725
707        97.5674          99.06
708        97.5674        99.5807
709        96.7397        99.4783
710        96.7397        99.6076
711        96.7397        97.8685
712        96.7397        97.3816
713        96.7397        97.3075
714        96.7397        97.1244
715        96.7397        97.1991
716        96.7397        97.3104
717        96.7397        97.8783
718        96.7397        97.7805
719        96.3358          97.42
720        96.3358        97.9848
721        96.3358        96.7173
722        96.3358        96.5308
723        96.3358        96.5152
724        96.3358        96.4801
725        96.3358        96.5236
726        96.3358        96.5728
727        96.3358        96.5931
728        96.3358        96.6365
729        96.3358        97.1269
730        96.3358        97.2794
731        96.3358        97.3056
732        96.3244        97.8675
733        96.3244        96.8859
734        96.3244        96.6822
735        96.3244         96.965
736        96.3244        98.2695
737        96.3244        98.6466
738        96.3244        100.075
739        96.3244        102.058
740        96.3244        100.595
741        96.3244        99.6357
742        96.3244        100.179
743        96.3244        100.616
744        96.3244        99.2726
745        96.3244        99.7474
746        96.3244         102.07
747        96.3244        102.763
748        96.3244        107.546
749        96.3244          106.4
750        96.3244        104.663
751        96.0448        107.486
752        96.0448        104.052
753        95.2125        106.377
754        95.2125        112.554
755        95.2125          111.2
756        95.2125        108.805
757        95.2125        104.598
758        95.2125        104.521
759        95.2125        107.563
760        95.2125        103.201
761        95.2125        102.531
762        95.2125        101.944
763        95.2125        100.733
764        95.2125        102.102
765        95.2125         101.27
766        95.2125        99.5996
767        94.9329        105.345
768        94.9329        102.488
769        94.9329        100.037
770        94.9329         105.46
771        94.9329        113.799
772        94.9329         119.15
773        94.9329        117.693
774         94.481        124.721
775         94.481        121.456
776         94.481        120.005
777         94.481        106.298
778         94.481        102.164
779         94.481        99.6443
780         94.481        102.857
781         94.481        102.656
782         94.481        103.849
783         94.481        99.4921
784         94.481        100.239
785         94.481        102.666
786         94.481        103.717
787         94.481        101.678
788         94.481        103.026
789         94.481        100.603
790         94.481        101.803
791         94.481        104.224
792         94.481        105.606
793         94.481        104.093
794         94.481         105.34
795         94.481        102.618
796         94.481        103.857
797         94.481        102.946
798         94.481        102.278
799         94.481        99.0532
800        93.7373         96.464
801        93.5521        100.239
802        93.5521        102.911
803        93.5521        99.5447
804        93.3204        97.9869
805        92.5902        95.2683
806        92.5902        94.7834
807        92.3585        95.0848
808        91.0453        93.9858
809        91.0453        93.1192
810        91.0453        92.1756
811        91.0453        91.6701
812        91.0453        91.5686
813        91.0453        91.8308
814        90.8957        91.8825
815        90.8957        91.9154
816        90.8957        94.0954
817        90.8957        98.1944
818        90.8957        105.163
819        90.8957        114.745
820        90.8957        117.458
821        90.8957        115.932
822        90.8957        117.685
823        90.8957        117.141
824        90.8957        110.931
825        90.8957         105.73
826        90.8957        104.082
827        90.8957         104.46
828        90.8957        105.283
829        90.8957         103.11
830        90.8957         104.98
831        90.8957        102.297
832        90.8957        104.987
833        90.8957        100.532
834        90.8957        101.088
835        90.8957        100.915
836        90.8957        97.4212
837        90.8957        100.829
838        89.7027        99.2637
839        89.7027        96.8875
840        88.9368        94.6053
841        88.9368         93.689
842        88.9368        91.3535
843        88.8363        89.6398
844        88.8363        89.2759
845        88.8363        89.0056
846        88.8363        88.8942
847        88.8363         88.924
848        88.8363        88.9468
849        88.5877         89.668
850        88.5877        89.9526
851        88.5877        92.3591
852        88.5877          99.62
853        88.5877         98.558
854        88.5877        109.539
855        88.5877        111.612
856        88.5877        116.958
857        88.5877        115.146
858        88.5877        117.867
859        88.5877        117.312
860        88.5877        112.499
861        88.5877        108.174
862        88.5877        105.822
863        88.5877        100.595
864        88.5877        101.362
865        88.5877        98.8749
866        88.5877        101.218
867        87.8601        101.817
868        87.8601        95.4668
869        87.8601        92.2859
870        87.8601        89.0891
871        87.8601        88.6583
872        87.4009        88.2764
873        87.4009        88.2233
874        87.4009        87.8699
875        87.4009        87.6121
876        87.4009        87.5662
877        87.1037        87.5986
878        87.1037        87.4873
879        87.1037        87.3423
880        87.1037        87.2526
881        87.1037        87.3048
882        87.1037         87.297
883        87.1037        87.2952
884        86.9005         87.676
885        86.9005        87.7164
886        86.9005         87.123
887        86.9005          87.01
888        86.9005        86.9924
889        86.9005        87.1099
890        86.9005        87.0144
891        86.9005        87.1226
892        86.9005         87.186
893        86.9005        87.2106
894         86.479         87.161
895         86.479        87.3168
896        85.8307        87.0209
897        85.8307        86.9826
898        85.8307        87.1307
899        85.8307        86.2537
900        85.8307        86.0793
901        85.8307        86.1772
902        85.8307        86.0925
903        85.8307        86.1381
904        85.8307        86.3202
905        85.8307        86.4674
906        85.8307         86.371
907        85.8307        86.7975
908        85.8307        88.1783
909        85.8307        87.2114
910        85.8307        89.0214
911        85.8307        88.2637
912        85.8307        88.1424
913        85.8307        89.0089
914        85.8307        89.1448
915        85.8307         88.242
916        85.5389        90.3678
917        85.5389        89.1829
918        85.5389        88.3946
919        85.5389        86.5337
920        85.5389        86.2127
921        85.5389        86.2435
922        85.5389        85.8494
923        85.5389        85.6369
924        85.5389        85.8087
925        85.5389        85.9946
926        85.5389        86.2054
927        85.5389        87.7637
928        85.5389        88.1739
929        85.5389        90.0463
930        85.5389        90.9814
931        85.5389        90.9544
932        85.5389        90.5039
933        85.5389        91.5777
934        85.5389        92.4673
935        85.5389        91.0328
936        85.2649        92.4899
937        85.2649        90.2236
938        85.2649        85.8812
939        85.2649        85.4357
940        85.2649        85.9685
941        85.2649        85.5352
942        85.2649        85.8371
943        85.2649        86.4892
944        85.2649        87.2109
945        85.2649        86.0755
946        85.2649        85.7711
947        85.2649        85.7458
948        85.2649        85.6064
949        85.2649        86.2577
950        85.2649        86.2625
951        85.2649        86.8083
952        85.2649         86.663
953        84.6194        88.5808
954        84.6194        87.2285
955        84.6194        86.1441
956        84.6194        86.8834
957        84.6194        86.9065
958        84.6194        88.6059
959        84.6194        87.6185
960        84.6194        88.6678
961        84.6194        89.1305
962        84.6194        87.2611
963        84.6194        89.2292
964        84.6194        87.9047
965        84.6194        87.4544
966        84.6194        88.4446
967        84.6194        90.6712
968        84.6194        88.3232
969        84.6194        86.6513
970        84.6194        86.5128
971        84.6194        87.1965
972        84.6194        87.0899
973        84.6194        86.1578
974        84.6194        85.7967
975        84.6194        87.9607
976         84.454        89.1161
977         84.454        89.0247
978         84.454        85.6251
979         84.454        84.7718
980         84.454        84.5961
981         84.454         84.628
982         84.454         85.032
983         84.454         84.868
984         84.454        85.2028
985         84.454        85.3095
986         84.454         86.379
987         84.454        86.4647
988         84.454        87.6883
989         84.454        87.8425
990         84.454        88.7025
991         84.454        89.1776
992         84.454        88.2279
993         84.454        89.5154
994         84.454        88.2753
995         84.454        88.8263
996         84.454        88.7293
997         84.454        88.5815
998         84.454        86.6044
999         84.454        86.9482
1000         84.454        88.0821
1001         84.454        88.6644
1002        83.4203        89.1429
1003        83.4203        86.6267
1004        83.4203        84.1048
1005        83.4203        83.9956
1006        83.4203        83.7572
1007        83.4203        83.7299
1008        83.4203        83.7944
1009        83.4203         84.017
1010        83.4203        85.3939
1011        83.4203        86.9859
1012        83.4203        87.1377
1013        83.4203        87.3429
1014        83.4203        86.7189
1015        83.4203        88.7924
1016        83.4203        92.0786
1017        83.4203        89.3621
1018        83.4203        90.1378
1019        82.9069         88.046
1020        82.9069         88.093
1021        82.9069        84.8643
1022        82.9069        83.2477
1023        82.9069        83.1556
1024        82.9069        83.3031
1025        82.9069        83.4959
1026        82.9069         83.568
1027        82.9069        84.5818
1028        82.9069          86.82
1029        82.9069        85.9638
1030        82.9069        84.5292
1031        82.9069        85.1479
1032        82.9069        85.0174
1033        82.9069        84.4958
1034        82.9069        86.0212
1035        82.9069        86.6806
1036        82.9069         86.936
1037        82.9069        87.0756
1038        82.9069        87.9023
1039        82.9069        87.7769
1040        82.9069        87.4006
1041        82.9069        86.2076
1042        82.9069        86.1121
1043        82.9069        84.8447
1044        82.9069        85.4023
1045        82.9069        84.0817
1046        82.9069         84.529
1047        82.9069        86.9176
1048        82.9069        86.1714
1049        82.9069        85.0989
1050        82.9069        86.8179
1051        82.9069        87.7843
1052        82.9069        86.3122
1053        82.9069        84.8794
1054        82.9069        87.3563
1055        82.9069        85.8417
1056        82.9069        86.0299
1057        82.9069        85.9973
1058        82.9069         84.519
1059        82.9069        85.1631
1060        82.9069        84.9593
1061        82.9069         86.031
1062        82.9069         84.518
1063        82.9069        85.6798
1064        82.9069        84.1367
1065        82.9069        84.2383
1066        82.9069        84.1691
1067        82.9069        84.3128
1068        82.9069        85.8216
1069        82.9069        85.5068
1070        82.9069        85.8662
1071        82.9069         88.057
1072        82.9069        88.1882
1073        82.9069        91.7226
1074        82.9069        86.6963
1075        82.9069        84.5587
1076        82.9069        85.1048
1077        82.9069        87.2342
1078        82.9069        88.4392
1079        82.9069        88.9891
1080        82.9069        87.5486
1081        82.9069        87.3423
1082        82.9069        86.5658
1083        82.9069        84.7636
1084        82.9069        85.4385
1085        82.9069        84.0031
1086        82.9069        83.6135
1087        82.9069        83.5704
1088        82.9069         84.609
1089        82.9069         86.249
1090        82.9069        84.8105
1091        82.9069        85.6897
1092        82.9069        84.6762
1093        82.9069        84.6056
1094        82.9069        85.8375
1095        82.9069        86.6157
1096        82.9069        87.3788
1097        82.9069        88.8736
1098        82.9069        90.6742
1099        82.9069        92.3224
1100        82.9069        89.0366
1101        82.9069        85.9619
1102        82.9069        87.3005
1103        82.9069        85.6502
1104        82.9069        85.7943
1105        82.9069        86.3738
1106        82.9069        86.8652
1107        82.9069        92.0558
1108        82.9069        92.6729
1109        82.9069        93.6695
1110        82.3555        90.5797
1111        82.3555        88.9748
1112        82.3555         83.392
1113        82.3555        82.6176
1114        82.3555        82.8875
1115        82.3555        82.6886
1116        82.3555        83.0486
1117        81.8492        83.7215
1118        81.6005        82.7285
1119        81.6005        82.3019
1120        81.0941        82.0088
1121        81.0941        81.7119
1122        81.0941        81.5248
1123        81.0941        81.3767
1124        81.0941        81.3586
1125        81.0941         81.306
1126        81.0941        81.2761
1127        81.0941        81.2941
1128        81.0941        81.2907
1129        81.0941        81.3171
1130        81.0941        81.2478
1131        81.0941        81.2915
1132        81.0941        82.4008
1133        81.0941        81.6194
1134        81.0941        81.6754
1135        81.0941        82.6141
1136        81.0941        82.8357
1137        81.0941        81.9084
1138        81.0941        84.2887
1139        81.0941        83.7267
1140        81.0941        83.7837
1141        81.0941        84.3203
1142        81.0941        84.5496
1143        81.0941        83.5451
1144        81.0941        82.9133
1145        81.0941        82.6621
1146        81.0941        82.3641
1147        81.0941        82.4874
1148        81.0941        83.0599
1149        81.0941        84.8709
1150        81.0941        83.0299
1151        81.0941        82.9497
1152        81.0941        82.8582
1153        81.0941        82.6444
1154        81.0941        82.2443
1155        81.0941        82.3191
1156        81.0941        82.7264
1157        81.0941        81.7777
1158        81.0941        82.6156
1159        81.0941        82.2418
1160        81.0941        84.2464
1161        81.0941        84.3991
1162        81.0941        86.9867
1163        81.0941        86.1117
1164        81.0941        85.8589
1165        81.0941        84.7152
1166        81.0941        85.1521
1167        81.0941        86.9609
1168        81.0941        85.7436
1169        81.0941        88.2125
1170        81.0941        90.2656
1171        81.0941         87.121
1172        81.0941        86.4086
1173        81.0941         86.105
1174        81.0941        85.7325
1175        80.3792        87.4431
1176        80.3792        87.7294
1177        80.3792        81.9077
1178        80.3792        80.7966
1179        80.3792          80.84
1180        80.3792        80.9317
1181        80.3792        81.4247
1182        80.3792        81.5404
1183        80.3792        81.6682
1184        80.3792        81.6278
1185        80.3792        81.3536
1186        80.3792        81.2254
1187        80.3792        82.3692
1188        80.3792        82.4442
1189        80.3792        84.6744
1190        80.3792        81.5746
1191        80.3792        81.9998
1192        80.3792        82.5804
1193        80.3792        83.2115
1194        80.3792        81.8699
1195        80.3792        81.3909
1196        80.3792        81.7182
1197        80.3792        82.7107
1198        80.3792        83.2292
1199        80.3792        82.2889
1200        80.3792        82.1225
