Generation  Best distance  Mean distance
1        2211.39        2785.85
2        2123.38        2590.62
3         2094.4        2394.49
4        2016.62        2253.63
5        1978.12        2147.43
6        1842.75         2084.7
7         1805.7        2023.93
8        1682.67        1957.84
9        1682.67        1897.67
10        1639.82        1822.13
11        1638.06        1750.77
12        1589.48        1694.85
13        1575.47        1647.68
14         1542.5        1619.62
15        1477.27        1595.09
16        1450.46           1568
17        1447.42        1533.03
18        1411.29         1493.1
19         1385.9        1465.75
20        1376.38        1439.79
21        1368.66        1410.93
22        1343.61        1391.91
23        1329.55        1375.49
24        1317.34        1360.08
25        1285.15        1344.28
26         1274.4        1334.11
27        1273.91        1324.26
28        1242.92        1309.48
29        1238.42        1294.23
30        1206.94        1277.45
31        1193.59        1255.17
32        1193.59        1233.32
33        1175.41        1216.97
34        1162.05        1201.21
35        1149.83        1188.01
36        1143.59        1176.89
37        1130.54        1168.58
38        1117.18        1162.63
39        1117.18        1154.88
40        1115.36        1149.07
41        1105.47         1147.6
42        1105.47        1135.45
43         1087.2        1130.98
44         1087.2        1131.48
45        1079.44        1122.29
46         1063.4        1108.47
47        1059.75        1092.61
48        1053.22        1081.58
49         1019.5        1072.08
50         1019.5        1061.38
51        902.179         1048.6
52        902.179        1026.68
53        890.699        1001.31
54        890.699        987.498
55        884.695        957.632
56        875.495        923.618
57        875.495        899.431
58        875.495        885.268
59        867.467         881.82
60        834.617        877.068
61        826.589        869.224
62        800.282        855.682
63        800.282        834.996
64        800.282        816.775
65        799.514          808.9
66        778.698        804.587
67        777.994        798.533
68        762.811        791.441
69        762.811        783.443
70        762.811        775.269
71        737.593         771.23
72        737.593        766.274
73        737.593        758.461
74        737.593        750.317
75        698.932        746.941
76        653.079        741.256
77        653.079          731.9
78        652.515         728.76
79        641.403        730.449
80        641.403        715.015
81         635.99        683.818
82         612.92        672.907
83         612.92        651.666
84        607.743        635.703
85        607.743        624.186
86        590.835        615.751
87        590.835        609.831
88        576.991        602.378
89        568.102          594.2
90        568.102        585.032
91        563.931        576.442
92        563.931        571.622
93        561.041        568.075
94        561.041        566.397
95        558.941        565.095
96        554.612        563.658
97        554.612        561.531
98        551.182        558.714
99        509.914        556.279
100        509.914        549.991
101        484.526        538.797
102        484.526         529.08
103        484.526        528.996
104        484.526        537.981
105        484.526         546.09
106        477.805        544.695
107        477.494        549.397
108        467.012        520.547
109        467.012        502.432
110        467.012        488.943
111        466.272        477.232
112        466.272        475.404
113        463.629        476.611
114        463.629        477.483
115        463.629        479.338
116        463.629        480.592
117        461.918        480.582
118        450.784        475.524
119        450.784        475.529
120        449.073        471.409
121        436.503        465.824
122        434.792            463
123        426.021        452.869
124        415.298        443.469
125        415.298        435.537
126        374.726        424.432
127        368.306        418.205
128        368.306        412.917
129        363.872        405.174
130        363.304        399.391
131        363.304         399.64
132        363.304        389.537
133        358.112        379.957
134        346.559        373.734
135        346.559        366.979
136        344.589        361.519
137        337.718        359.932
138        335.287        353.733
139        335.036        350.589
140        335.036        350.095
141        331.689        343.544
142        329.718        340.382
143        324.872        340.998
144        323.136          342.7
145        322.901        340.994
146        319.957        338.673
147         319.27        335.232
148         319.27        325.772
149        315.088        322.762
150        315.088        321.563
151        293.733        320.276
152         290.67        318.086
153         290.67        319.966
154         290.67        313.623
155         290.67        311.838
156         290.67        308.341
157         290.67        309.985
158        289.296        302.823
159        289.296        295.384
160        288.792        291.015
161        286.723        289.977
162        286.723        289.017
163        286.513        288.247
164        282.462        287.319
165        282.252         286.53
166        278.307        285.422
167        278.307        283.668
168        278.097        282.164
169        275.535        280.022
170        275.325        278.737
171        273.186        277.107
172        273.186        276.099
173        269.999        275.297
174        267.945        273.417
175        267.945        271.759
176        266.569        270.728
177        263.788        269.619
178        263.788        268.575
179        257.747        266.383
180        254.806        264.025
181        254.391        260.871
182        251.751        258.247
183        251.751        255.573
184        249.354        253.815
185        246.573        252.792
186        246.039        252.507
187        246.039        252.032
188        243.018        252.904
189        243.018        250.593
190         242.86        248.987
191        240.913        248.528
192        233.612        246.719
193        229.143        248.279
194        229.143        244.237
195        227.124        243.806
196         226.33        242.946
197        225.243        241.617
198        222.845        239.475
199         222.43        235.438
200         222.43        233.462
201        220.806        231.062
202         219.34        228.659
203        215.614         225.69
204        215.614        223.067
205        215.614        225.573
206        215.614        225.799
207        214.084        231.775
208        213.061        235.318
209        213.061        232.848
210        213.061        232.107
211        213.061        233.235
212        211.963        238.385
213        211.204        240.578
214        211.204        226.755
215        210.611        223.213
216        209.852        214.979
217        209.394        211.395
218        208.508         210.73
219        207.156        210.074
220        207.156        209.347
221        205.341        208.385
222        205.341         207.57
223        205.341        206.808
224        204.519         206.21
225        202.526        205.711
226        202.399         204.98
227        201.704         204.18
228        199.513        203.334
229        199.513        202.445
230        199.513        201.536
231        199.513        200.714
232        196.483        200.282
233         196.23        199.738
234         196.23        198.663
235         196.23         197.71
236         196.23        197.088
237        194.972        196.588
238        194.972        196.442
239        194.972        195.939
240        194.467        195.587
241        192.956        195.271
242        192.956        194.446
243        192.956        193.845
244        192.299        193.272
245        189.599        193.079
246        189.599          192.7
247        189.599        192.283
248        189.599        191.684
249        189.599        191.446
250        188.943        194.253
251        188.943        191.489
252        188.943        190.806
253        188.692        189.638
254        188.692        189.911
255        188.692        188.965
256        188.692        188.805
257        188.692         188.79
258        188.692        188.785
259        188.382        188.824
260        188.382        188.755
261        188.382        188.625
262        182.095        188.518
263        182.095        188.078
264        173.504        187.437
265        173.504        186.385
266        166.645        183.092
267        166.645         179.18
268         166.44        173.973
269        162.284        169.051
270        162.284        167.236
271         160.52        164.976
272         160.52        163.563
273         160.52        162.071
274        159.587        161.369
275        159.587        161.032
276        158.028        160.262
277        158.028        159.566
278        158.028         158.79
279        158.028        158.522
280        158.028        158.564
281        158.028        158.712
282        158.028        158.517
283        158.028        158.812
284        157.071        158.701
285        157.071        158.581
286        157.071        158.158
287        156.879        157.787
288        152.399        157.591
289        152.399        156.654
290        152.399        155.291
291        152.399        154.372
292        152.399        153.721
293        152.399        153.612
294        152.399        153.868
295        152.399        153.538
296        152.399        153.633
297        152.176        153.711
298        149.987        153.367
299        149.463         152.35
300        146.608        151.219
301        146.608        149.725
302        146.608        148.456
303        146.083        147.679
304        146.083        147.093
305        146.083         146.62
306        146.083        146.285
307        146.083        146.251
308        146.083        146.245
309        146.083        146.264
310        146.083        146.385
311        146.083        146.653
312        146.083        146.554
313        146.083         146.52
314        146.083          146.6
315        146.083        146.541
316        144.805        146.507
317        143.458        146.236
318        143.458        145.531
319        142.179        144.775
320        142.179        143.678
321        142.179        142.909
322        142.179        142.632
323        142.179         142.55
324        140.661        142.566
325        140.661        142.296
326        139.322        141.946
327        137.774        141.114
328        136.256            140
329        136.256        138.664
330        136.137        137.521
331        136.137        137.123
332        134.743        136.601
333        134.743        136.148
334        134.624        135.734
335        134.026        135.342
336        134.026        134.817
337        134.026        134.489
338        134.026        134.322
339        132.779        134.254
340        132.181        134.061
341        131.996        133.456
342        131.561        132.748
343        131.398        132.224
344        131.398        131.834
345        131.398        131.639
346        131.168         131.53
347        129.427        131.444
348        129.427        131.238
349        129.427        130.767
350        129.427        130.255
351        129.427        130.144
352        129.427        130.084
353        129.427        130.064
354        129.427        130.022
355        129.427        129.988
356        127.608        129.972
357        127.608        129.644
358        125.946        128.831
359        125.946        128.283
360        123.449        127.367
361        123.449        126.447
362        121.576         125.57
363        121.576        124.496
364        121.294        123.441
365         120.81        122.544
366        119.124        121.966
367        118.359        121.124
368        118.359        120.423
369        118.359        119.479
370        118.359        119.045
371        117.977        118.656
372        117.977        118.473
373        117.977         118.26
374        117.977        118.123
375        117.977        118.116
376        117.977        118.097
377        117.977        118.107
378        117.977        118.112
379        117.977          118.1
380        117.977        118.101
381        117.977        118.087
382        117.977        118.106
383        117.977        118.139
384        117.977        118.189
385        117.977        118.101
386        117.977        118.296
387        115.909        118.401
388        115.909        117.993
389        115.909        117.377
390        115.063        116.777
391        114.781        116.293
392        114.781        115.509
393        114.746        115.161
394        113.857        114.877
395        112.858        114.715
396        112.858         114.33
397        112.858         113.79
398        112.858        113.332
399        112.858        113.166
400        112.858         113.15
401        111.264         113.21
402        111.264        113.255
403        110.561        113.948
404        110.561        113.352
405        110.561        112.279
406        110.561        112.381
407        110.561        111.994
408        109.938         111.29
409        109.342        110.835
410        109.342        110.148
411        109.342        109.826
412        109.184        109.768
413        109.184        109.721
414        108.588        109.487
415        108.588        109.167
416        108.588        108.958
417        108.588        108.855
418        108.588         108.79
419        108.588        108.812
420        108.588        108.775
421        108.588        108.837
422        108.588        108.862
423        108.588        108.942
424        108.588        109.254
425        108.588        109.099
426        108.588        109.363
427        108.588        109.338
428        108.588         109.55
429        108.588        109.873
430        108.588         109.27
431        108.588        109.515
432        108.588        108.952
433        108.588         109.11
434        108.588        109.209
435        108.588        109.397
436        108.588        108.968
437        108.588        108.816
438        108.588        109.051
439        107.634        109.549
440        107.634        109.351
441        107.634        108.403
442        107.634        108.097
443        107.634        108.003
444        107.634        108.021
445        107.634        107.964
446        107.634        107.933
447        107.634        107.976
448        107.634        107.958
449        107.634         108.05
450        107.634        107.935
451        107.634        107.915
452        107.634        107.946
453        107.634        107.923
454        107.362        108.047
455        107.362        107.834
456        107.362        107.598
457        107.362        107.491
458        107.362         107.47
459        106.836        107.456
460        106.836        107.373
461        106.836        107.149
462        106.836        107.039
463        106.836        106.991
464        106.836        106.993
465        106.836        107.021
466        106.836        106.983
467        106.836        107.029
468        106.836        107.129
469        106.836        107.033
470        106.836        107.915
471        106.836        107.943
472        106.836        107.707
473        106.836        109.742
474        106.836         110.99
475        106.836        109.365
476        106.836        108.933
477        106.836        109.109
478        106.836        110.148
479        106.041        110.162
480        106.041        108.814
481        106.041        107.874
482        106.041        106.885
483        106.041        106.885
484        106.041        106.713
485        106.041        106.768
486        106.041        107.783
487        106.041        107.317
488        106.041        107.559
489        106.041        106.833
490        106.041        107.074
491        106.041         107.07
492        106.041        107.024
493        106.041        107.531
494        106.041        107.349
495        106.041        107.107
496        106.041        107.953
497        106.041        107.932
498        106.041        107.085
499        106.041          107.4
500        106.041        107.553
501        96.1617        107.065
502        96.1617        104.826
503        96.1617         104.03
504        96.1617        101.878
505        96.1617        101.237
506        95.8925        99.4517
507        95.8925        98.2427
508        95.8925        98.3504
509        95.8925        97.3367
510        95.0293        97.7665
511        95.0293        96.5587
512        95.0293        95.8398
513        95.0293        95.4448
514        95.0293         95.594
515        95.0293         95.762
516        95.0293        95.6435
517        95.0293        95.7279
518        95.0293        95.7607
519        95.0293        95.5258
520        95.0293        95.7236
521        95.0293        95.9405
522        95.0293        95.9411
523        95.0293        96.1277
524        95.0293        95.8463
525         94.734        96.1132
526        92.3652        95.6519
527        92.3652        95.2674
528        92.3652        95.7696
529        92.3652        96.1941
530        92.3652        95.5716
531        92.3652        96.9387
532        92.3652        96.9224
533        92.3652        96.5476
534        92.3652        98.1719
535        92.3652        97.0612
536        91.2376        97.6107
537        91.2376        95.1811
538        91.2376        93.4411
539        91.2376        92.2515
540        91.2376        92.7398
541        91.2376        92.7535
542        91.2376        92.8225
543        91.2376        92.6714
544        91.2376        92.7279
545        91.2376        92.9212
546        91.2376        92.3947
547        91.2376        93.1178
548        91.2376        93.2792
549         90.996        93.4059
550         90.996        93.0313
551         90.996        92.4508
552         90.996        91.1876
553         90.996        91.1416
554         90.996        91.1668
555         90.996        91.2627
556         90.996        91.1981
557         90.996        91.4453
558         90.996        91.8797
559         90.996        91.8314
560         90.996        91.8572
561          89.75        92.2835
562          89.75        91.2704
563          89.75        90.6017
564          89.75         90.276
565        89.1037        90.1727
566        89.1037        89.8892
567        89.1037         89.448
568        89.1037        89.3796
569        89.1037        89.3308
570        89.1037        89.3014
571        89.1037        89.3035
572        89.1037        89.2787
573        89.1037        89.3334
574        89.1037        89.8592
575        89.1037        89.4553
576        89.1037        89.4658
577        89.1037        90.1587
578        89.1037        89.7869
579        89.1037        89.6782
580        89.1037        89.7119
581        89.1037        89.6148
582        89.1037        89.9974
583        89.1037        89.7508
584        89.1037        89.9697
585        89.1037        91.5329
586        89.1037        90.3056
587        89.1037        92.1474
588        89.1037        92.5034
589        89.1037        91.6896
590        89.1037        91.3834
591        89.1037        90.1553
592        89.1037        89.9603
593        89.1037        90.5372
594        89.1037        89.9594
595        89.1037        90.6976
596        88.8694        90.4404
597        88.8694        90.0127
598        88.8694        89.1445
599        88.8694         89.032
600        88.8694        89.0318
601        86.1932        88.8684
602        86.1932        88.3886
603        86.1932        87.8128
604        86.1932        87.7094
605        85.5002        87.4787
606        85.5002         86.961
607        85.5002        86.4544
608        85.5002        86.1049
609        85.3913        85.9572
610        85.3913        85.6538
611        85.3913        85.4792
612        85.0162        85.4756
613        85.0162        85.3859
614        85.0162        85.2776
615        85.0162        85.1876
616        85.0162        85.1611
617        85.0162        85.1727
618        85.0162        85.1699
619        85.0162        85.2819
620        85.0162        85.6391
621        85.0162        85.5358
622        85.0162        86.1362
623        85.0162        86.1004
624        85.0162        85.5602
625        85.0162        85.6214
626        85.0162        85.5469
627        85.0162        85.4123
628        85.0162        85.4446
629        84.7094        85.5071
630        84.7094        85.4585
631        84.7094        85.2438
632        84.7094        85.0286
633        84.7094        85.1046
634        83.8545        85.1658
635        83.8545        84.8857
636        83.4965        84.4773
637        83.4965        84.2081
638        83.2174        84.0343
639        83.2174         83.802
640        83.2174        83.5627
641        83.2174        83.4317
642        83.2174        83.3875
643        83.2174        83.3764
644        83.2174        83.6377
645        83.2174        83.5956
646        83.2174        83.9289
647        83.2174        83.9565
648        83.2174        84.0184
649        83.2174        84.4503
650        83.2174        85.1449
651        83.2174        85.5968
652        83.2174        84.5332
653        83.2174        83.9456
654        83.2174        84.7503
655        83.2174         84.052
656        83.2174        84.3198
657        83.2174        84.3526
658        83.2174        84.9007
659        83.2174        84.5957
660        83.2174        84.9075
661        83.2174        85.0945
662        83.2174        85.5089
663        83.2174        86.3283
664        83.2174        85.2277
665        83.2174        85.1977
666        83.2174        85.9921
667        83.2174        84.6083
668        83.2174        84.4819
669        83.2174        84.3712
670        83.2174        85.9408
671        83.2174        85.3682
672        83.2174        86.6383
673        83.2174        87.2608
674        83.2174        85.8291
675        83.2174        87.1755
676        83.0346         86.628
677        83.0346         83.865
678        83.0346        83.2946
679        83.0346        83.1081
680        83.0346        83.4391
681        83.0346        83.7682
682        83.0346        84.9735
683        83.0346        84.0374
684        83.0346        85.1371
685        82.0769        86.2174
686        82.0769        85.0492
687        82.0769        82.9837
688        82.0769        82.6393
689        82.0769        82.5953
690        82.0769        82.8457
691        82.0769        83.5463
692        82.0769        84.1097
693        82.0769        83.9909
694        82.0769        83.7084
695        82.0769        83.4493
696        82.0769        83.4939
697        82.0769        84.0941
698        82.0769         85.047
699        82.0769        84.6423
700        82.0769        83.9462
701        78.2628        82.7726
702         76.406        81.4801
703        76.3313        79.6747
704        76.3313        78.2741
705        76.3313        77.4219
706        76.3313        77.0674
707        76.3313        76.8099
708        76.3313        76.7986
709        76.3313        77.0031
710        76.3313         76.895
711        76.3313        77.0575
712        76.3313        77.5419
713        76.3313        77.6694
714        76.3313        77.6943
715        76.3313        77.6945
716        76.3313        77.7678
717        76.3313        77.4191
718        76.3313        77.5789
719        76.3313         77.374
720        76.3313        77.3186
721        76.3313         77.337
722        76.3313        77.3559
723        76.3313        77.6763
724        76.3313        77.3475
725        76.3313         78.903
726        76.3313        77.6208
727        76.3313        78.1802
728        76.3313         77.995
729        76.3313        78.3186
730        76.3313        79.0439
731        76.3313        80.4118
732        76.3313        78.0098
733        76.3313          77.32
734        76.3313        77.2572
735        76.3313        77.2596
736        76.3313        76.9681
737        76.2708        77.0011
738        76.1127        76.8802
739        76.1127        76.3174
740         75.621        76.2437
741         75.621        76.1443
742         75.621        75.9754
743         75.621         75.834
744         75.621        75.7894
745         75.621        75.7814
746         75.621        75.7897
747         75.621        75.7905
748         75.621        75.7694
749         75.621        75.7953
750         75.621        75.9788
751         75.621        75.8605
752         75.621        75.9872
753         75.621        75.9099
754         75.621        75.9677
755         75.621        76.1285
756         75.621        76.8427
757         75.621        77.3999
758         75.621        77.6694
759         75.621         77.623
760         75.621        77.4694
761         75.621        76.8342
762         75.621        77.6445
763         75.621        76.9203
764         75.621        76.9715
765         75.621        77.3702
766         75.621        77.1108
767         75.621        77.0158
768         75.621        76.7076
769         75.621        78.2474
770         75.621        76.9986
771         75.621        76.8696
772         75.621        77.2894
773         75.621        77.8751
774         75.621        77.3485
775         75.621         77.243
776        72.4753        76.2159
777        72.4753        74.9021
778        72.4753        74.1707
779        72.4753        73.8011
780        72.4753        73.4433
781        72.4753        73.5508
782        72.4753        73.4969
783        72.4753        73.5429
784        72.4753        73.7161
785        72.4753        74.1326
786        72.4753         73.531
787        72.4753        73.5149
788        72.4753        73.4056
789        72.4753         73.324
790        72.4753         73.447
791        72.4753        73.2141
792        72.4753        73.3756
793        72.4753        74.0455
794        72.4753        74.1249
795        72.4753        74.1414
796        72.4753        74.4361
797        72.4753        74.1548
798        72.4753        75.0394
799        72.4753        74.4917
800        72.4753        73.8605
801        72.4753        74.7009
802        72.4753        75.2514
803        72.4753        75.0714
804        72.4753        74.4824
805        72.4753         75.531
806        72.4753        76.6376
807        72.4753        75.1889
808        72.4753        75.5895
809        72.4753        75.0531
810        72.4753        74.7466
811        72.4753        74.6785
812        72.4753        74.0681
813        72.4753        74.2991
814        72.4753        74.1305
815        72.4753        74.8383
816        72.4753        75.3099
817        72.4753        76.0211
818        72.4753        75.7309
819        72.4753        79.8426
820        72.4753        77.8118
821        72.4753        76.2308
822        72.4753        75.7963
823        72.4753        76.9287
824        72.4753        76.7194
825        72.4753        75.5931
826        72.4753        74.9193
827        72.4753        75.5555
828        72.4753        75.2955
829        72.4753        75.9959
830        72.4753        74.7641
831        72.4753        74.6657
832        72.4753        75.4077
833        72.4753         75.792
834        72.4753        76.6233
835        72.4753        76.7333
836        72.4753        75.3458
837        71.3002        74.9183
838        71.3002        73.9389
839        71.3002        72.6084
840        71.3002        71.8967
841        71.3002        71.8598
842        71.3002        71.6937
843        71.3002        71.7147
844        71.3002         71.741
845        71.3002        71.8246
846        71.3002        72.5679
847        71.3002        72.8408
848        71.3002        73.0513
849        71.3002        72.7121
850        71.3002        72.3274
851        71.3002        72.7719
852        71.3002        72.5645
853        71.3002        72.4315
854        71.3002        74.0273
855        71.3002        72.6558
856        71.3002        72.5739
857        71.3002        72.3363
858        71.3002        72.6385
859        71.3002        72.3977
860        71.3002        73.3399
861        71.3002        72.9672
862        71.3002        72.7047
863        71.3002        74.2629
864        71.3002        73.9077
865        71.3002        73.8685
866        71.3002         73.109
867        71.3002        73.7251
868        71.3002        75.0236
869        71.3002        74.6333
870        71.3002        75.0468
871        71.3002        73.2813
872        71.3002        73.2272
873        71.3002        75.8069
874        71.3002        72.9671
875        71.3002        72.8392
876        71.3002        72.4978
877        71.3002        72.4798
878        71.3002        72.6693
879        71.3002        72.6619
880        71.3002        73.2394
881        71.3002        72.4011
882        71.3002        72.2589
883        71.3002        72.0351
884        71.3002        72.6583
885        71.3002        72.5295
886        71.3002        72.6897
887        71.3002        72.0926
888        71.3002        72.7659
889        71.3002        72.4467
890        71.3002         72.098
891        71.3002        72.2184
892        71.3002        73.1362
893        71.3002        72.6883
894        71.3002        73.5826
895        71.3002        73.5531
896        71.3002        72.8972
897        71.3002        75.8263
898        71.3002         74.413
899        71.3002        75.0164
900        71.3002        74.6385
901        67.9657        72.8075
902        67.9657        70.9079
903        67.9657        69.5756
904        67.9657        69.0959
905        67.9657        68.7681
906        67.9657        68.4172
907        67.9657        68.3586
908        67.9657        68.2515
909        67.9657        68.2604
910        67.9657        68.2463
911        67.9657         68.172
912        67.9657        68.2379
913        67.9657        68.2999
914        67.9657        68.2743
915        67.9657        68.1678
916        67.9657        68.3073
917        67.9657        68.2243
918        67.9657        68.1594
919        67.9657        68.3297
920        67.9657        68.4982
921        67.9657        68.5174
922        67.9657        68.3636
923        67.9657        68.2444
924        67.9657        68.1605
925        67.9657        68.3307
926        67.9657        68.2409
927        67.9657        68.4126
928        67.9657        68.2911
929        67.9657        68.3369
930        67.9657        68.6813
931        67.9657        69.6608
932        67.9657        69.3127
933        67.9657        69.4736
934        67.9657        69.8669
935        67.9657        69.1614
936        67.9657        70.0845
937        67.9657        69.9476
938        67.9657        69.1566
939        67.9657        69.2261
940        67.9657        70.3116
941        67.9657        69.6918
942        67.9657        70.2589
943        67.9657        70.1593
944        67.9657        69.8323
945        67.9657        71.2365
946        67.9657        69.8293
947        67.9657        69.2444
948        67.9657        68.8412
949        67.9657        68.9385
950        67.9657        69.0585
951        67.9657        68.8165
952        67.9657        68.9013
953        67.9657         69.215
954        67.9657        69.9082
955        67.9657        69.3127
956        67.9657        69.3994
957        67.9657        69.7172
958        67.9657        69.1793
959        67.9657        68.6358
960        67.9657        68.4233
961        67.9657        68.5964
962        67.9657        68.2362
963        67.9657         68.711
964        67.9657         68.221
965        67.9657        68.2609
966        67.9657        69.1929
967        67.9657         69.159
968        67.9657        69.2882
969        67.9657        69.5042
970        67.9657        69.3854
971        67.9657        69.1793
972        67.9657        70.1425
973        67.9657        69.2188
974        67.9657        69.1405
975        67.9657        69.6031
976        67.9657        70.9004
977        67.9657        69.3607
978        67.9657        69.5083
979        67.9657        69.8561
980        67.9657        69.3839
981        67.9657        70.0102
982        67.9657         69.552
983        67.9657        69.4271
984        67.9657        68.7792
985        67.9657        68.4855
986        67.9657         68.401
987        67.9657        68.2866
988        67.9657        68.1407
989        67.9657        68.1427
990        67.9657        68.3305
991        67.9657         68.124
992        67.9657        68.2093
993        67.9657        68.4408
994        67.9657        68.5456
995        67.9657        68.2531
996        67.9657        68.3978
997        67.9657        68.5605
998        67.9657        68.2479
999        67.9657        68.2629
1000        67.9657        68.1379
1001        67.9657        68.2036
1002        67.9657        68.2129
1003        67.9657        68.7103
1004        67.9657        68.5461
1005        67.9657        68.3797
1006        67.9657         68.444
1007        67.9657        69.1207
1008        67.9657         68.799
1009        67.9657        69.1921
1010        67.9657        70.2543
1011        67.9657        69.4313
1012        67.9657        68.9947
1013        67.9657        69.2262
1014        67.9657        69.1223
1015        67.9657        68.9685
1016        67.9657        69.0697
1017        67.9657        68.8716
1018        67.9657        69.0621
1019        67.9657        69.3954
1020        67.9657        70.5621
1021        67.9657        68.9353
1022        67.9657        69.9799
1023        67.9657        69.3338
1024        67.9657        69.7051
1025        67.9657         70.278
1026        67.9657        69.6176
1027        67.9657        69.5309
1028        67.9657        69.9405
1029        67.9657        70.6943
1030        67.9657        69.6168
1031        67.9657        69.1133
1032        67.9657        69.2578
1033        67.9657        69.5012
1034        67.9657        69.1883
1035        67.9657        69.6701
1036        67.9657        68.9889
1037        67.9657        69.1357
1038        67.9657        69.0104
1039        67.9657        69.1271
1040        67.9657        69.4647
1041        67.9657        69.6051
1042        67.9657        69.3841
1043        67.9657        68.7718
1044        67.9657        69.1042
1045        67.9657        68.9376
1046        67.9657        69.5512
1047        67.9657        69.4024
1048        67.9657        69.0979
1049        67.9657        69.7622
1050        67.9657        68.5533
1051        67.3555        68.3111
1052        67.3555        67.9612
1053        67.3555        67.6463
1054        67.3555        67.6187
1055        67.3555        67.6031
1056        67.3555        67.5628
1057        67.3555        67.6457
1058        67.3555        67.8874
1059        67.3555         67.794
1060        67.3555        67.6207
1061        67.3555        67.5919
1062        67.3555        67.6026
1063        67.3555        67.5339
1064        67.3555        67.8744
1065        67.3555        67.8905
1066        67.3555        68.8856
1067        67.3555        69.1719
1068        67.3555        68.7324
1069        67.3555        68.1141
1070        67.3555        68.2538
1071        67.3555        68.2603
1072        67.3555        68.8688
1073        67.3555        68.7599
1074        67.3555        68.2066
1075        67.3555        68.0851
1076        67.3555        67.9964
1077        67.3555        67.9963
1078        67.3555        68.3909
1079        67.3555        69.0085
1080        67.3555          68.69
1081        67.3555        68.4013
1082        67.3555        68.3641
1083        67.3555        68.1666
1084        67.3555        68.2164
1085        67.3555        68.2882
1086        67.3555        68.6305
1087        67.3555         68.492
1088        67.3555         68.876
1089        67.3555        68.4189
1090        67.3555        68.9171
1091        67.3555        68.6707
1092        67.3555        68.4024
1093        67.3555        68.8921
1094        67.3555           68.5
1095        67.3555        68.4578
1096        67.3555        68.6069
1097        67.3555        69.0833
1098        67.3555        69.8707
1099        67.3555        68.7297
1100        67.3555        68.3877
1101        67.2751        68.3823
1102        67.2751        67.6963
1103        67.2751        67.3214
1104        67.2751        67.3124
1105        67.2751        67.3047
1106        67.2751        67.3014
1107        67.2751         67.305
1108        67.2751        67.3079
1109        67.2751        67.3386
1110        67.2751        68.1868
1111        67.2751        67.6305
1112        67.2751        69.3149
1113        67.2751        69.9858
1114        67.2751        68.4823
1115        67.2751        69.2202
1116        67.2751        70.7274
1117        67.2751         70.265
1118        67.2751        71.0487
1119        67.2751         68.965
1120        67.2751        69.3055
1121        67.2751        70.2581
1122        67.2751        69.1927
1123        67.2751        69.4967
1124        67.2751        68.4603
1125        67.2751         68.281
1126        67.2751        68.0375
1127        67.2751        68.0252
1128        67.2751        67.7128
1129        67.2751        68.1364
1130        67.2751        68.1998
1131        67.2751        69.1238
1132        67.2751          69.37
1133        67.2751        68.9846
1134        67.2751        68.7046
1135        67.2751        69.4245
1136        67.2751        68.7421
1137        67.2751        68.4783
1138        67.2751        68.5703
1139        67.2751        68.1858
1140        67.2751        67.6743
1141        67.2751        67.9472
1142        67.2751        68.1258
1143        67.2751        67.7921
1144        67.2751        67.4011
1145        67.2751        67.7784
1146        67.2751        67.8108
1147        67.2751        67.6499
1148        67.2751        68.1451
1149        67.2751        68.2605
1150        67.2751        68.2969
1151        67.2751        69.2242
1152        67.2751        69.6523
1153        67.2751         69.358
1154        67.2751        69.0079
1155        67.2751        68.5861
1156        67.2751         69.554
1157        67.2751         68.295
1158        67.2751        68.4448
1159        67.2751        68.8447
1160        67.2751        68.5161
1161        67.2751        67.7629
1162        67.2751        67.8805
1163        67.2751        68.5714
1164        67.2751        68.8096
1165        67.2751        68.5633
1166        67.2751        68.0775
1167        67.2751        67.8525
1168        67.2751        67.6444
1169        67.2751        68.0195
1170        67.2751        68.6677
1171        67.2751        68.2624
1172        67.2751         67.809
1173        67.2751        67.9668
1174        67.2751        68.3188
1175        67.2751        68.0268
1176        67.2751        67.7934
1177        67.2751        68.1157
1178        67.2751        68.0737
1179        67.2751        67.7402
1180        67.2751        67.6362
1181        67.2751        67.6056
1182        67.2751        67.6942
1183        67.2751        68.0582
1184        67.2751        67.4221
1185        67.2751        67.3737
1186        67.2751        67.4267
1187        67.2751         67.393
1188        67.2751        67.5673
1189        67.2751        68.0347
1190        67.2751        67.8041
1191        67.2751        68.3574
1192        67.2751        68.9296
1193        67.2751        68.5936
1194        67.2751        68.2562
1195        67.2751        67.9367
1196        67.2751        67.7278
1197        67.2751        68.1016
1198        67.2751        67.9278
1199        67.2751        67.6391
1200        67.2751        68.5849
