Generation  Best distance  Mean distance
1        2342.29        2777.84
2        2171.88        2590.93
3        2171.88        2473.87
4         2085.8        2391.76
5        1921.83        2304.64
6           1834        2172.76
7           1834        2059.05
8        1763.89        1950.77
9        1704.71        1873.46
10        1668.09        1806.68
11        1608.69        1756.29
12        1551.48        1707.15
13        1489.41           1665
14         1486.8        1610.43
15        1474.47        1566.61
16        1474.47        1524.36
17        1458.44        1499.62
18         1400.6        1481.77
19        1367.14        1467.69
20        1350.53        1445.82
21        1338.02        1412.29
22        1323.09        1380.84
23        1313.03        1359.25
24        1251.78        1340.06
25        1240.17        1321.08
26        1219.04        1303.29
27        1192.29        1277.47
28        1192.29        1260.17
29        1178.61        1251.96
30        1126.94         1240.3
31        1126.94        1206.39
32        1126.94        1190.44
33        1123.52        1161.14
34        1115.55        1151.39
35        1109.01        1135.49
36        1076.71        1122.99
37        1074.26        1113.49
38        1052.15        1103.25
39        1041.36        1087.85
40         1029.9        1075.89
41        1016.52        1060.15
42        1016.37        1052.84
43        976.773        1046.01
44        953.135        1034.03
45        953.135         1021.9
46        932.117        1007.51
47        919.812        988.874
48        910.649        966.572
49        902.661        948.152
50        893.498        930.792
51        824.199        916.505
52        824.199        902.558
53        807.877        915.148
54        803.801        904.532
55        803.801        871.292
56        803.801        844.755
57        802.616        822.244
58        799.868        811.313
59        771.712        805.102
60        771.712        800.006
61        758.412        794.895
62        738.988        792.131
63        738.988        783.512
64        724.008        765.951
65        724.008        752.492
66        717.271        744.611
67        710.624        744.848
68        710.624        741.948
69        709.391        736.895
70        700.678        732.094
71        677.445        730.707
72        672.148        716.145
73         665.99        710.879
74        653.079        705.611
75        653.079        695.589
76        648.777         685.96
77        639.113        676.979
78        632.521         664.26
79        611.849        650.656
80         593.57        644.635
81         593.57        634.494
82        584.417        619.562
83        584.417        605.878
84        580.649        596.343
85        576.339        587.299
86        569.306        584.264
87        564.996        578.548
88        563.424        574.126
89        559.122        569.421
90        541.575        566.339
91        528.628        561.751
92        508.609         554.32
93        505.181        539.426
94         501.53        524.285
95        497.006        515.781
96        478.759        508.781
97        476.826        502.682
98        476.734        493.611
99        473.737        486.483
100        473.542        484.041
101        459.507        483.607
102         452.47        480.439
103        441.386        484.491
104        441.386        477.061
105        433.303        481.061
106        433.303        470.747
107        432.151        471.494
108        420.928         468.88
109        420.457        447.974
110        419.277        437.383
111        418.903        430.445
112        402.257        424.346
113        400.232        419.279
114        400.232        413.638
115        392.999        407.491
116        390.508        400.829
117        387.257        397.843
118        382.443        393.548
119        378.335         388.91
120         374.21        385.466
121         374.21        382.276
122        373.836         378.91
123        371.071        376.974
124          367.4        374.529
125        366.572        372.476
126        365.939        370.491
127        365.565        368.038
128        359.982        366.568
129        356.946        365.635
130        356.571        363.718
131        356.571        360.466
132         354.16        358.412
133        346.715        357.089
134        345.789        355.348
135        345.789        352.027
136        345.789        348.831
137        345.789        347.058
138        339.715        346.105
139        331.828        345.219
140        331.828        341.704
141        331.828        338.204
142        331.828        335.256
143        326.942         333.95
144        323.179        332.461
145        314.569        328.393
146        306.325        323.813
147        305.399         318.04
148        305.399        313.947
149        302.318        308.551
150        298.562        306.736
151        300.327        305.435
152        297.489        303.614
153        293.733        301.465
154        293.733        299.201
155        289.472        296.822
156        289.472        294.862
157        287.481        292.854
158        287.481        291.355
159        283.803        289.955
160        282.722        288.786
161        282.722        287.851
162        278.114        286.883
163        278.114        286.318
164        278.114         288.11
165         275.65         286.02
166         275.65        284.422
167        274.445        279.845
168        274.445        278.297
169        274.445        276.861
170         273.97        276.285
171         273.97        275.184
172        273.906        274.827
173        271.378        274.573
174        271.303        274.162
175        270.828        273.204
176        267.565        272.356
177        267.565        271.445
178        263.818        270.218
179        260.676        268.297
180        259.816         265.78
181        259.816        263.215
182        259.816        261.551
183        257.528        260.204
184        257.528        259.956
185        256.138        259.133
186        256.138        258.606
187        255.056        258.343
188        255.056        258.558
189        255.056        260.399
190        255.056         263.84
191        255.056         263.57
192        255.056        261.723
193        255.056        259.977
194        254.188        261.287
195        254.188        257.544
196        254.188         255.57
197        254.188        254.693
198        252.244        254.555
199        252.244        254.214
200        251.784        253.492
201        231.731        252.528
202        231.731        250.863
203        231.731        248.027
204        230.616        250.984
205        230.616        252.723
206        226.842        246.532
207        226.842        241.334
208        226.842        233.066
209        226.842        229.354
210        225.832        228.596
211        224.717        227.942
212        224.717        226.828
213         220.11        226.202
214         220.11        225.013
215        219.951        223.238
216        219.951        221.914
217        219.741        220.619
218        211.597         220.06
219        208.193        219.253
220        208.193        217.391
221        208.193        215.061
222        205.889        213.037
223        205.568        210.041
224        205.064        207.187
225        204.791        206.234
226        202.615        205.633
227         201.29        205.306
228         201.29        204.653
229        198.322        203.686
230        194.534        202.316
231        193.709        200.784
232          193.5        198.172
233         191.87        196.065
234        190.543         193.79
235        187.669        192.863
236        187.669        191.776
237        187.669        189.863
238        184.778        188.735
239        184.569        187.753
240         184.06        186.569
241         184.06        185.525
242        183.562        184.546
243        183.562        184.242
244        183.562        184.013
245        182.159        183.812
246        182.159         183.62
247        182.016        183.229
248        182.016        182.866
249         181.75        182.607
250         181.75        182.165
251         177.76        181.818
252        175.948        180.946
253        175.948        179.455
254        175.598        178.052
255        175.332        176.846
256        174.877        175.933
257        174.877          175.5
258        174.877        175.213
259        174.877        175.074
260        174.877        175.012
261        172.997        174.989
262        171.085        174.789
263        171.085        174.077
264        169.371        172.883
265        169.371        171.387
266        169.371         170.41
267        169.371        169.991
268        169.115        169.795
269        169.115        169.618
270        169.115        169.528
271        169.115        169.668
272        169.115        170.549
273        169.115        170.831
274        169.115        171.144
275        169.115        171.349
276        164.299        171.393
277        164.299        170.229
278        162.753        168.248
279        162.753        166.547
280        162.753        164.983
281        162.421        163.881
282         160.61        163.296
283         160.61        162.649
284         160.61        161.799
285         160.61         161.46
286         160.61        161.276
287         160.61        161.292
288         160.61        161.243
289         160.61        161.124
290         160.61         161.29
291         160.61         161.09
292         160.61        161.039
293         160.61        161.098
294        159.073        161.256
295        159.073        160.951
296        157.451        160.307
297        157.451        159.914
298        157.451        159.207
299        157.451        158.612
300        157.451        158.336
301        146.487        157.095
302        146.487        155.009
303        146.487        153.056
304        146.487        151.695
305        146.487        150.931
306        146.487        151.182
307        146.487        150.196
308        146.487        149.258
309        146.487        149.584
310        146.487          149.9
311        146.487        149.423
312        146.487        149.651
313        146.487        149.617
314        146.487        149.522
315        146.487        149.326
316        146.487        150.146
317        146.487        149.726
318        146.487        149.565
319        146.487        149.691
320        146.487        150.649
321        146.487        150.708
322        146.487        149.412
323        146.487        149.446
324        145.825        149.019
325        145.825        147.659
326        145.825        147.154
327        145.825        146.339
328        145.825        146.228
329        145.825        146.082
330        141.181        146.052
331        140.519        145.314
332        140.519         143.86
333        139.832         142.15
334         139.17        140.971
335         139.17        140.322
336        138.585        139.766
337        138.585         139.46
338        138.585         138.95
339        138.585         138.83
340        138.585        138.804
341        138.585        138.868
342        138.585        138.879
343        138.585        138.841
344        136.547        138.939
345        136.427        138.633
346        134.494        138.004
347        132.781        137.063
348        132.781         135.67
349        132.781        134.497
350        132.781         133.59
351        132.781        133.448
352        132.781        133.355
353        132.781        133.332
354        132.781        133.305
355        131.718        133.321
356        131.718         133.13
357        129.633         132.78
358         128.57        132.145
359         128.57        131.265
360        127.397        130.385
361        127.397        129.604
362        127.397          129.7
363        127.397        129.439
364        127.397         131.07
365        127.397        130.436
366        127.397        130.877
367        127.397        132.099
368        127.397        133.696
369        127.397        132.796
370        127.397        134.592
371        127.397        133.959
372        127.397        133.388
373        127.397        132.151
374        127.397        132.358
375        127.397        130.799
376        119.795        131.126
377        119.795        130.068
378        119.795        127.976
379        119.795        125.812
380        119.795        126.405
381        119.795        125.184
382        119.795        123.472
383        119.795        122.394
384        119.795        121.658
385        119.795        121.558
386        119.795        121.107
387        119.795        121.253
388        119.795        121.149
389        119.795        120.633
390        119.795        121.059
391        119.795        121.239
392        119.795        120.893
393        119.795        121.911
394        119.795        122.021
395        119.795        123.149
396        118.998         122.71
397        118.998        121.556
398        118.998        119.735
399        118.998        119.388
400        118.676        119.334
401        113.799        119.093
402        113.799        117.777
403        113.568        116.048
404        113.097        115.004
405        112.838        114.091
406        112.838        113.586
407         112.77        113.267
408         112.77        113.023
409        111.165         112.86
410        111.165        112.694
411        111.165        112.244
412        111.165        111.869
413        111.165        111.633
414          110.4        111.601
415          110.4        111.333
416          110.4        110.876
417          110.4        110.724
418          110.4        110.671
419          110.4        110.699
420        108.794        110.718
421        108.284        110.505
422        108.284        109.767
423        108.284        109.163
424        108.284        108.616
425        108.284        108.509
426        105.652        108.237
427        105.652        108.249
428        105.652        109.073
429        105.652        110.771
430        105.652        109.382
431        105.652        110.873
432        105.607        109.619
433        105.607        109.284
434        105.607        106.437
435        105.607        105.736
436        105.607          105.7
437        105.607        106.599
438        105.607        106.845
439        105.607        106.674
440        105.607        106.809
441        105.607        106.229
442        105.607        106.346
443        105.607        107.179
444        105.607        108.059
445        105.607        107.991
446        104.468        109.123
447        104.468        107.656
448        104.468        105.559
449        104.468        104.972
450        104.468        104.917
451        104.468        104.978
452        104.468        105.071
453         103.32        105.272
454         103.32        105.281
455         103.32         104.43
456         103.32        103.964
457         103.32        103.891
458         103.32        103.807
459        102.544        103.771
460        102.544        103.533
461        102.544        103.058
462        102.544        102.881
463        102.544        102.827
464        102.544        102.876
465        102.544        102.967
466        102.544        102.974
467        102.544        102.928
468        102.544        103.249
469        102.544        103.257
470        102.544        103.769
471        102.544        103.347
472        102.544        103.403
473        102.544        103.155
474        102.544        103.587
475        102.544        103.414
476        101.071        102.993
477        100.133        102.305
478        100.133        101.768
479        100.133        101.124
480        100.133        100.616
481        100.133        100.534
482        100.133        100.555
483        100.133        100.464
484        100.133        100.528
485        99.5059        100.602
486        99.2783        100.331
487        99.2783        99.9162
488        99.2783          99.67
489        99.2783         99.478
490        99.2783        99.4742
491        99.2783        99.4503
492        99.2783        99.6839
493        99.2783        99.9124
494        99.2783        99.9947
495        98.4497        100.572
496        98.4497        100.587
497        98.4497        99.5475
498        98.4497        99.3112
499        98.4497        99.2917
500         97.953        99.1067
501         97.953        98.8272
502         97.953        98.4324
503         97.953        98.2302
504         97.953        98.1727
505         97.953        98.1365
506         97.953         98.173
507         97.953        98.1892
508         97.953        98.3375
509         97.953        98.8772
510        97.5084        98.6497
511        96.7877        98.1056
512        96.7877        97.7484
513        96.7877        97.3374
514        96.5031        97.1427
515        96.5031         97.052
516        96.5031        96.8007
517        96.2447         96.678
518        95.9601        96.6178
519        95.9601        96.4392
520        95.9601         96.238
521        95.9601        96.1714
522        95.9601        96.1389
523        95.9601         96.137
524        95.9601        96.1018
525        95.7692        96.1211
526        95.7692        96.0569
527        95.7692        95.9141
528        95.7692        95.8501
529        95.7692        95.8455
530        95.7692        95.8395
531        95.7692        95.8432
532        95.7692        96.0955
533        95.7692        95.9396
534        95.7692        95.9602
535        95.7692        95.9522
536        95.7692        96.1792
537        95.7692        95.9374
538        94.9352         95.988
539        94.9352        95.7408
540        94.9352        95.3922
541        94.9352        95.2629
542        94.9352        95.2054
543        94.9352        95.2462
544        94.9352        95.2352
545        94.9352        95.2594
546        94.9352        95.3813
547        94.9352        95.6382
548        94.9352        95.4031
549        94.9352        96.1057
550        94.7272        95.3503
551        94.7272        95.5328
552        94.7272        94.9795
553        94.7272        94.8304
554        94.7272        94.8154
555        94.7272        94.8136
556        94.7272        94.9509
557        94.7272        94.8998
558        94.7272        94.8565
559        94.5145        94.9582
560        94.5145        94.8027
561        94.1472        94.6651
562        94.1472        94.5609
563        93.5116        94.4477
564        93.5116        94.1897
565        93.5116        93.8431
566        93.5116        93.7428
567        93.5116        93.7993
568        93.5116         93.787
569        93.5116        93.6993
570        93.5116        93.6745
571        93.5116        93.9678
572        93.5116        94.0853
573        93.5116        94.4088
574        93.5116        94.1985
575        93.5116        94.5958
576        87.6832        93.3343
577        87.6832        92.3037
578        87.4199         91.254
579          86.69        90.0959
580        86.4476        88.3726
581        86.4476        87.9925
582        86.4476        87.1228
583        86.4476        86.8572
584        86.4476        86.6173
585        86.4476        86.6702
586        86.4476        86.6212
587        86.1932        86.6387
588        86.1932        86.5974
589        86.1932        86.3804
590        86.1932        86.3365
591        86.1932        86.3239
592        86.1932        86.3081
593        86.1932         86.358
594        86.1932        86.7546
595        86.1932         87.326
596        86.1932        87.8019
597        86.1932        88.8565
598        86.1932        88.0246
599        86.1932        87.2544
600        86.1932        87.3087
601        86.1932        87.1315
602        86.1932        87.4761
603        86.1932        86.9682
604        85.6458         87.765
605        85.3913        86.6691
606        85.3913        86.0306
607        85.3913        85.7617
608        85.3913        85.6192
609        85.3913        85.5646
610        85.3913        85.5412
611        85.3913        85.5914
612        85.3913        85.6731
613        85.3913        85.6867
614        85.3913        85.5754
615        85.3913        86.4406
616        85.3913        87.6414
617        85.3913        87.7684
618        85.3913        87.2459
619        85.3913        88.0768
620        85.3913        89.6468
621        85.3913        88.7678
622        85.3913         88.052
623        85.3913        91.8474
624        85.3913         88.636
625        85.3913        88.9361
626        85.3913        90.4058
627        85.3913        90.6212
628        85.3913        91.1155
629        85.3913         91.146
630        85.3913        92.1894
631        85.3913         91.407
632        85.3913        91.3961
633        85.3913        90.2762
634        85.3913        91.9939
635        85.3913        87.5786
636         85.262        88.5457
637         85.262        87.3478
638         85.262        85.6419
639        84.0072        85.5196
640        83.6569        85.4475
641        83.6569         84.815
642        83.6569        84.4667
643        83.6569         84.089
644        83.6569        83.9094
645        83.4545        83.8773
646        83.4545        83.7995
647        83.4545           83.6
648        83.4545          83.55
649        83.4545        83.5249
650        83.4545        83.5209
651        83.2174        83.4873
652        83.2174        83.4263
653        83.2174        83.3883
654        83.2174        83.3539
655        83.2174        83.4153
656        83.1952        83.8934
657        83.0346        83.6522
658        83.0346        83.6575
659        83.0346        83.1588
660        83.0346        83.1118
661        83.0346        83.1075
662        83.0346        83.1007
663        83.0346        83.1126
664        83.0346        83.1189
665        83.0346        83.0965
666        83.0346        83.1374
667        83.0346        83.9817
668        83.0346        83.7167
669        83.0346         83.436
670        83.0346        84.0764
671        83.0346        84.2059
672        83.0346        83.5078
673        83.0346        83.8659
674        83.0346        84.2393
675        83.0346        84.0306
676        83.0346        84.0099
677        83.0346         83.536
678        83.0346        83.7787
679        83.0346         85.187
680        83.0346        86.0781
681        83.0346        88.5572
682        83.0346         86.473
683        83.0346        84.5588
684        83.0346        84.6572
685        83.0346        85.5344
686        83.0346        85.5638
687        83.0346        85.3755
688        83.0346        86.8326
689        83.0346         85.178
690        82.9607        84.1286
691        82.9607        83.4239
692        82.9607        83.0327
693        81.8738         82.992
694        81.8738        82.9047
695        81.8738        82.6234
696        81.8738        82.4531
697        81.8738         82.233
698        81.8738        82.2064
699        81.8738        82.2113
700        81.8738        82.2455
701        79.0024        81.9749
702        78.7594         81.117
703        78.3737        80.2918
704        78.3737        79.4191
705        78.3737        78.7122
706        78.3737          78.51
707        78.3737        78.4803
708        78.3737        78.4661
709        78.3737        78.4789
710        78.3737        78.4787
711        78.3737        78.4641
712        78.3737        78.4592
713        78.3737        78.5155
714        78.3737        78.7588
715        78.3737        78.7849
716        78.3737        79.0023
717        78.3737        78.9703
718        78.3737        80.1684
719        78.3737        80.1921
720        78.3737        80.3837
721        78.3737        79.6359
722        78.3737        79.5245
723        78.3737        79.3893
724        78.3737        80.4171
725        78.3737        80.3299
726        75.4009        80.0286
727        75.4009        78.4384
728        74.6188        76.9872
729        74.6188        76.1299
730        74.6188        75.2954
731        74.6188        74.9593
732        74.6188        74.8737
733        74.6188        74.8161
734        74.6188        74.7912
735        74.6188        74.7381
736        74.6188        74.7128
737        74.6188        74.7433
738        74.6188        74.7326
739        74.6188        74.7259
740        74.2339        74.7222
741        74.2339        74.6339
742        74.2339        74.4946
743        74.2222        74.3952
744        73.8374        74.3415
745        73.6188        74.1834
746        73.6188         74.006
747        73.0677        73.8675
748        73.0677        73.6651
749        72.6828        73.4362
750        72.6828        73.2044
751        72.6828        72.9812
752        72.6828        72.8476
753        72.6828        72.8082
754        72.6828         72.796
755        72.6828        72.7946
756        72.6828        72.8023
757        72.6828        72.8598
758        72.6828        72.8782
759        72.6828        72.8371
760        72.6828        72.8015
761        72.6828        72.9227
762        72.6828         72.842
763         72.603        72.8428
764         72.603        72.9362
765         72.603        72.7406
766         72.603        72.7517
767         72.603        73.0124
768         72.603        73.3657
769         72.603        73.5386
770         72.603        73.6245
771         72.603        73.7812
772         72.603        73.6427
773         72.603         73.834
774         72.603        73.6289
775         72.603        74.2307
776         72.603        73.2355
777         72.603         73.354
778         72.603        73.8729
779         72.603        74.1122
780         72.603        73.1552
781         72.603        73.8924
782         72.603        73.9153
783         72.603        73.6815
784        72.5129        73.4574
785        72.5129        73.4603
786        72.5129        72.6964
787        72.5129        72.6092
788        72.5129        72.5497
789        72.5129        72.6962
790        72.5129        72.7711
791        72.5129        73.5746
792        72.5129        74.0008
793        72.5129          73.92
794        72.5129        73.7727
795        72.5129        74.3146
796        72.5129        73.9603
797        72.5129        73.7377
798        72.5129        73.8851
799        72.5129        73.9601
800        72.5129         74.383
801        72.5129        74.0414
802        72.5129        74.4397
803        72.5129        76.1838
804        72.5129        74.8588
805        72.5129        74.6866
806        72.5129        73.6331
807        72.5129        73.3752
808        72.5129        72.8369
809        72.5129        72.7851
810        72.5129        73.3101
811        72.5129        73.1599
812        72.5129        73.8679
813        72.5129        73.2422
814        72.5129         73.675
815        72.5129        73.8359
816        72.5129        74.2724
817        72.5129        73.6775
818        72.5129        73.5396
819        72.5129        73.5213
820        72.5129        73.7083
821        72.5129        74.3967
822        72.5129        74.2519
823        72.5129        73.8891
824        72.5129        73.4818
825        72.5129        73.5555
826        72.1099        73.2873
827        72.1099        73.0074
828        72.1099        72.4687
829        72.1099        72.5987
830        72.1099         72.545
831        72.1099        73.2469
832        72.1099        73.2056
833        72.1099        73.4395
834        72.1099        73.8119
835        72.1099        74.7147
836        72.1099        74.5507
837        72.1099        73.8331
838        72.1099        73.2622
839        72.1099        72.8464
840        72.1099        72.7016
841        72.1099        72.5814
842        72.1099        72.7215
843        72.1099         73.475
844        72.1099        73.3199
845        72.1099         72.904
846        72.1099        72.4464
847        72.1099        73.5453
848        72.1099        73.8351
849        72.1099        73.3434
850        72.1099         73.052
851        71.6362        72.7064
852        71.6362         72.053
853        71.6362        71.8234
854        71.6362        71.8164
855        71.6362        71.8199
856        71.6362        71.7596
857        71.6362        71.7677
858        71.6362        71.7297
859        71.6362          71.72
860        71.6362        71.7354
861        71.6362        72.0022
862        71.6362        72.6929
863        71.6362        73.6633
864        71.6362        72.9098
865        71.6362        73.1608
866        71.6362        72.8916
867        71.6362        72.9733
868        71.6362        72.5214
869        71.6362        72.9409
870        71.6362        72.3354
871        71.6362           72.8
872        71.6362        72.9454
873        71.6362        74.1655
874        71.6362        74.6302
875        71.6362        74.7153
876        68.6094        72.9694
877        68.6094        71.1089
878        68.6094         70.399
879        68.6094        69.8781
880        68.6094        69.3406
881        68.6094        69.0823
882        68.5384        68.9181
883        68.5384        68.8422
884        68.5206        68.6648
885        68.5206        68.5758
886        68.5206         68.541
887        68.5206        68.5335
888        68.5206        68.5342
889        68.5206        68.5303
890        68.5206        68.5296
891        68.5206        68.5292
892        68.5206        68.5311
893        68.5206        68.6019
894        68.5206        68.8335
895        68.5206        68.8303
896        68.5206        68.6658
897        68.5206         68.642
898        68.5206        69.0236
899        68.5206         68.788
900        68.5206        68.6712
901        68.5206        68.6036
902        68.5206        68.6444
903        68.5206        68.6345
904        68.5206        68.7948
905        68.5206        69.1376
906        68.5206        68.8495
907        68.5206        69.3355
908        68.5206        69.9361
909        68.5206        69.6779
910        68.5206        69.4603
911        68.5206        71.0028
912        68.5206        70.5465
913        68.5206        70.9168
914        68.5206        71.1022
915        68.5206        70.4343
916        68.5206        70.4341
917        68.5206        70.1681
918        68.5206        70.0066
919        68.5206        70.6245
920        68.5206        70.4591
921        68.5206        71.1239
922        68.5206        71.3877
923        68.5206        71.4697
924        68.5206        71.7392
925        68.5206        70.9428
926        67.9657        69.9536
927        67.9657        68.7368
928        67.9657        68.3245
929        67.9657        68.1649
930        67.9657        68.1723
931        67.9657        68.1638
932        67.9657         68.151
933        67.9657        68.2917
934        67.9657        68.5286
935        67.9657        68.4387
936        67.9657        69.2518
937        67.9657        68.9454
938        67.9657        68.9626
939        67.9657        68.8837
940        67.9657        69.0015
941        67.9657        68.5155
942        67.9657        68.2701
943        67.9657        68.3573
944        67.9657        68.3671
945        67.9657        68.2057
946        67.9657        68.2184
947        67.9657        68.1874
948        67.9657        68.1882
949        67.9657          68.19
950        67.9657        68.9461
951        67.9657        68.6922
952        67.9657        68.7777
953        67.9657         68.846
954        67.9657        68.5036
955        67.9657         68.382
956        67.9657        68.2851
957        67.9657         68.513
958        67.9657        68.6992
959        67.9657        68.9098
960        67.9657        69.3664
961        67.9657        69.5793
962        67.9657          70.47
963        67.9657        71.4516
964        67.9657        71.1174
965        67.9657        70.1203
966        67.9657        70.4565
967        67.9657        71.0241
968        67.9657        71.4075
969        67.9657        71.1827
970        67.9657        71.2955
971        67.9657        71.1515
972        67.9657         70.349
973        67.9657        70.1279
974        67.9657        69.8719
975        67.9657        69.1881
976        67.9657        70.8031
977        67.9657        70.7804
978        67.9657        69.9812
979        67.9657        69.3476
980        67.9657        70.2875
981        67.9657        69.3689
982        67.9657         69.547
983        67.9657        70.3353
984        67.4424         70.322
985        67.4424        69.2161
986        67.3555        68.1536
987        67.3555        67.7196
988        67.3555        67.5527
989        67.3555        67.4275
990        67.3555        67.4456
991        67.3555        67.4207
992        67.3555        67.4609
993        67.3555        67.4819
994        67.3555        67.5936
995        67.3555        67.6215
996        67.3555        68.1531
997        67.3555        68.5195
998        67.3555        67.8922
999        67.3555        68.3001
1000        67.3555        67.9038
1001        67.3555        68.6953
1002        67.3555        68.6675
1003        67.3555        67.8888
1004        67.3555         67.802
1005        67.3555        67.8149
1006        67.3555        67.6293
1007        67.3555        67.7335
1008        67.3555        67.5533
1009        67.3555        68.0897
1010        67.3555        68.7382
1011        67.3555        68.3848
1012        67.3555        68.1493
1013        67.3555        68.4134
1014        67.3555        69.0303
1015        67.3555        68.7761
1016        67.3555        68.0981
1017        67.3555        68.2837
1018        67.3555        69.0812
1019        67.3555        67.9059
1020        67.3555        68.2169
1021        67.3555        69.5894
1022        67.3555        68.8666
1023        67.3555        68.4976
1024        67.3555        68.8314
1025        67.3555        68.7192
1026        67.3555         68.498
1027        67.3555        68.7462
1028        67.3555        69.0846
1029        67.3555        71.7918
1030        67.3555        73.1883
1031        67.3555        71.9591
1032        67.3555        72.1234
1033        67.3555        70.2791
1034        67.3555        69.5555
1035        67.3555        69.5194
1036        67.3555        69.1598
1037        67.3555        69.0279
1038        67.3555        69.9656
1039        67.3555        69.4838
1040        67.3555        69.7617
1041        67.3555        71.0792
1042        67.3555        70.1666
1043        67.3555        69.6134
1044        67.3555        68.4805
1045        67.3555        68.2347
1046        67.3555        68.1368
1047        67.3555        68.3447
1048        67.3555        68.1568
1049        67.3555        68.7093
1050        67.3555        68.1839
1051        67.3555        68.4285
1052        67.3555        68.2608
1053        67.3555        68.6007
1054        67.3555        68.7723
1055        67.3555        68.9077
1056        67.3555        68.8507
1057        67.3555        68.7721
1058        67.3555         68.962
1059        67.3555        68.4734
1060        67.3555        69.0361
1061        67.3555        68.8283
1062        67.3555        68.8397
1063        67.3555        68.2554
1064        67.3555        68.2426
1065        67.3555        68.3268
1066        67.3555         68.274
1067        67.3555        68.0866
1068        67.3555        68.0987
1069        67.3555        68.4152
1070        67.3555        67.8483
1071        67.3555        67.8228
1072        67.3555         68.231
1073        67.3555        68.1052
1074        67.3555        67.9611
1075        67.3555        67.7551
1076        67.3555        67.8343
1077        67.3555        68.4788
1078        67.3555        68.6258
1079        67.3555        69.3607
1080        67.3555        69.5755
1081        67.3555        70.7144
1082        67.3555        69.9646
1083        67.3555        69.7325
1084        67.3555        70.9082
1085        67.3555        72.6304
1086        67.3555        72.2095
1087        67.3555        70.5497
1088        67.3555        69.4361
1089        67.3555        69.3635
1090        67.3555        69.1354
1091        67.3555        69.5013
1092        67.3555        69.9059
1093        67.3555        69.5704
1094        67.3555        69.6096
1095        67.3555        68.7232
1096        67.3555        68.8429
1097        67.3555        68.4785
1098        67.3555        68.2013
1099        67.3555        68.6918
1100        67.3555        68.6347
1101        67.3555        68.4252
1102        67.3555        69.2972
1103        67.3555          69.19
1104        67.3555        68.9114
1105        67.3555        69.0282
1106        67.3555        70.7179
1107        67.3555        71.3982
1108        67.3555        73.0487
1109        67.3555        72.2948
1110        67.3555        73.3093
1111        67.3555        74.8901
1112        67.3555        71.2646
1113        67.3555        72.5036
1114        67.3555        71.5077
1115        67.3555        68.9674
1116        67.3555        68.7289
1117        67.3555        68.4359
1118        67.3555         68.772
1119        67.3555        68.5974
1120        67.3555        68.2351
1121        67.3555        68.0759
1122        67.3555        68.2477
1123        67.3555         68.816
1124        67.3555        68.5785
1125        67.3555         68.955
1126        67.2751        68.3988
1127        67.2751         68.087
1128        67.2751        67.4361
1129        67.2751        67.3172
1130        67.2751        67.3037
1131        67.2751         67.303
1132        67.2751        67.3032
1133        67.2751        67.4497
1134        67.2751        67.3848
1135        67.2751        67.6066
1136        67.2751        67.9322
1137        67.2751        67.7751
1138        67.2751        67.6586
1139        67.2751        67.9445
1140        67.2751        68.1927
1141        67.2751        68.5106
1142        67.2751        69.2253
1143        67.2751        69.5408
1144        67.2751         69.972
1145        67.2751         70.617
1146        67.2751        70.5113
1147        67.2751        72.7074
1148        67.2751        69.6075
1149        67.2751        69.4134
1150        67.2751        70.6788
1151        67.2751        69.2677
1152        67.2751        69.1693
1153        67.2751         68.906
1154        67.2751        69.0376
1155        67.2751        68.9019
1156        67.2751        69.2305
1157        67.2751         69.072
1158        67.2751        69.7947
1159        67.2751        69.3215
1160        67.2751        69.4388
1161        67.2751        69.9035
1162        67.2751        69.1727
1163        67.2751        68.9585
1164        67.2751        68.5611
1165        67.2751        69.3291
1166        67.2751        68.9302
1167        67.2751         68.778
1168        67.2751        68.3286
1169        67.2751        69.7048
1170        67.2751        69.3832
1171        67.2751         68.988
1172        67.2751        68.8577
1173        67.2751        69.2612
1174        67.2751        68.1373
1175        67.2751         68.314
1176        67.2751        68.9787
1177        67.2751        68.6702
1178        67.2751        67.9517
1179        67.2751        68.1193
1180        67.2751        68.4898
1181        67.2751        68.4237
1182        67.2751        67.9306
1183        67.2751        68.0881
1184        67.2751        67.9649
1185        67.2751        67.7189
1186        67.2751         67.914
1187        67.2751         68.202
1188        67.2751        68.0724
1189        67.2751        68.1537
1190        67.2751        68.9598
1191        67.2751        68.8501
1192        67.2751        69.3155
1193        67.2751        69.8219
1194        67.2751        70.5405
1195        67.2751        70.8559
1196        67.2751        70.3252
1197        67.2751        68.8835
1198        67.2751        69.4956
1199        67.2751        70.5999
1200        67.2751         72.083
