#   STEP:  TEMPERATURE:
           0     -6.6116
           0    -6.49953
           0    -6.41379
           0    -6.36224
           0    -6.24357
           0    -6.17079
           0    -6.17536
           0    -6.15177
           0    -6.16701
           0    -6.11477
           0    -6.06312
           0    -6.02017
           0    -5.92995
           0    -5.90218
           0    -5.91783
           0    -5.94746
           0    -5.84445
           0    -5.82677
           0    -5.82527
           0    -5.87869
           0    -5.91102
           0    -5.93379
           0    -5.97458
           0    -5.94863
           0    -5.92277
           0    -5.96076
           0    -5.91748
           0    -5.84871
           0    -5.89584
           0    -5.91189
           0    -5.81317
           0    -5.80318
           0    -5.74808
           0    -5.83467
           0    -5.94438
           0    -5.94814
           0    -6.05112
           0    -5.97289
           0    -6.04332
           0    -5.92912
           0    -5.88227
           0    -5.89749
           0    -5.90295
           0    -5.88321
           0    -5.81154
           0    -5.79603
           0    -5.77665
           0    -5.60466
           0     -5.6355
           0    -5.74045
           0    -5.77818
           0    -5.72404
           0    -5.69349
           0    -5.71161
           0    -5.73182
           0    -5.54989
           0    -5.62303
           0    -5.59227
           0    -5.65593
           0    -5.71891
           0     -5.7503
           0    -5.71425
           0    -5.73364
           0    -5.80261
           0    -5.73096
           0    -5.64999
           0    -5.63979
           0    -5.64407
           0    -5.62814
           0    -5.57888
           0     -5.6962
           0    -5.68129
           0    -5.73371
           0    -5.71226
           0    -5.72723
           0    -5.78533
           0     -5.7918
           0    -5.77444
           0     -5.7996
           0    -5.73417
           0    -5.77289
           0     -5.6801
           0    -5.73826
           0    -5.71785
           0    -5.67372
           0    -5.75336
           0    -5.72321
           0    -5.72638
           0    -5.74157
           0    -5.65603
           0    -5.78165
           0    -5.74462
           0    -5.67911
           0    -5.69099
           0     -5.6308
           0    -5.66415
           0    -5.65867
           0    -5.57007
           0    -5.57683
           0    -5.57535
           0    -5.69476
           0    -5.61501
           0    -5.61485
           0    -5.54778
           0    -5.60126
           0    -5.65771
           0    -5.61239
           0    -5.63317
           0    -5.64188
           0    -5.68395
           0    -5.65524
           0    -5.66759
           0    -5.65726
           0    -5.60193
           0    -5.63171
           0    -5.53621
           0    -5.59419
           0    -5.62246
           0    -5.74397
           0    -5.68311
           0    -5.62215
           0    -5.61467
           0     -5.5749
           0    -5.61942
           0    -5.52091
           0    -5.49237
           0    -5.48562
           0    -5.42339
           0    -5.49787
           0    -5.52728
           0    -5.50783
           0    -5.49235
           0     -5.5317
           0    -5.46383
           0    -5.54957
           0    -5.51048
           0    -5.66504
           0    -5.56611
           0    -5.55481
           0    -5.37375
           0    -5.50815
           0    -5.60996
           0    -5.50117
           0    -5.38537
           0    -5.46361
           0    -5.50985
           0    -5.52272
           0    -5.52787
           0    -5.46397
           0    -5.42011
           0    -5.44559
           0    -5.37105
           0    -5.37685
           0    -5.41738
           0     -5.3513
           0    -5.38229
           0    -5.43409
           0    -5.46131
           0    -5.52955
           0     -5.5213
           0    -5.39429
           0    -5.55075
           0    -5.48561
           0    -5.50777
           0    -5.52386
           0    -5.50124
           0    -5.46161
           0     -5.4144
           0    -5.44584
           0    -5.52604
           0    -5.54797
           0    -5.57817
           0    -5.62232
           0    -5.61978
           0    -5.59242
           0    -5.52169
           0    -5.42553
           0    -5.41758
           0    -5.44482
           0    -5.39359
           0    -5.51165
           0    -5.53479
           0    -5.51897
           0    -5.59134
           0    -5.51034
           0    -5.50862
           0    -5.50788
           0    -5.47465
           0     -5.5464
           0    -5.47393
           0     -5.4991
           0    -5.43204
           0    -5.44116
           0    -5.53132
           0    -5.50534
           0    -5.48041
           0    -5.52837
           0    -5.66039
           0    -5.53143
           0    -5.48856
           0    -5.60338
           0    -5.56961
           0    -5.55058
           0    -5.48835
           0    -5.47388
           0    -5.46295
           0    -5.47512
           0    -5.54004
           0    -5.51632
           0    -5.42328
           0    -5.36903
           0    -5.36695
           0    -5.33778
           0    -5.41757
           0    -5.43861
           0    -5.36808
           0    -5.38704
           0    -5.41112
           0    -5.38251
           0    -5.41572
           0    -5.33272
           0    -5.38516
           0    -5.43594
           0    -5.37225
           0    -5.51969
           0    -5.45972
           0    -5.50221
           0    -5.43335
           0    -5.47665
           0    -5.54323
           0    -5.46794
           0    -5.56366
           0    -5.54034
           0    -5.55257
           0    -5.51035
           0     -5.5841
           0    -5.66611
           0    -5.61562
           0    -5.53418
           0    -5.51199
           0    -5.51023
           0    -5.39172
           0    -5.38998
           0    -5.56049
           0    -5.49412
           0    -5.57232
           0    -5.47748
           0    -5.52593
           0    -5.49171
           0     -5.5134
           0    -5.48257
           0     -5.4366
           0    -5.39702
           0     -5.4447
           0    -5.42696
           0    -5.37847
           0    -5.36072
           0    -5.35291
           0     -5.3935
           0    -5.48124
           0    -5.48888
           0    -5.49425
           0    -5.42647
           0    -5.38933
           0       -5.36
           0    -5.30299
           0    -5.30556
           0    -5.31124
           0    -5.42309
           0    -5.45318
           0    -5.40932
           0    -5.42438
           0    -5.35352
           0    -5.38837
           0    -5.36139
           0    -5.30253
           0    -5.41177
           0    -5.46106
           0    -5.45278
           0    -5.46892
           0    -5.55587
           0    -5.44302
           0    -5.45253
           0    -5.43609
           0    -5.47219
           0      -5.473
           0    -5.45414
           0    -5.55126
           0    -5.53319
           0    -5.51472
           0    -5.57016
           0    -5.54414
           0    -5.52755
           0    -5.48851
           0     -5.4118
           0    -5.38487
           0    -5.40545
           0    -5.52334
           0    -5.58066
           0    -5.50739
           0    -5.44593
           0    -5.45746
           0    -5.53842
           0    -5.49056
           0    -5.42123
           0    -5.43721
           0    -5.48701
           0    -5.44382
           0    -5.27166
           0    -5.35618
           0    -5.40313
           0    -5.31688
           0    -5.44434
           0     -5.4956
           0    -5.57014
           0     -5.5487
           0    -5.55351
           0    -5.57602
           0    -5.57737
           0    -5.53569
           0    -5.56635
           0    -5.63291
           0    -5.50576
           0    -5.43905
           0     -5.4953
           0    -5.53263
           0     -5.6287
           0    -5.55009
           0    -5.55881
           0    -5.54951
           0    -5.54212
           0    -5.55304
           0    -5.50056
           0    -5.47595
           0    -5.53583
           0    -5.61426
           0    -5.43026
           0    -5.33361
           0    -5.41954
           0    -5.38614
           0    -5.41634
           0    -5.47427
           0    -5.44074
           0     -5.5505
           0     -5.4919
           0    -5.51344
           0    -5.58657
           0    -5.56697
           0    -5.58196
           0    -5.69396
           0    -5.68451
           0    -5.64079
           0     -5.6734
           0    -5.57057
           0    -5.55789
           0    -5.51126
           0    -5.60592
           0    -5.59147
           0    -5.50354
           0    -5.54597
           0    -5.54828
           0     -5.6586
           0    -5.61051
           0    -5.61468
           0    -5.58912
           0     -5.6775
           0    -5.59603
           0     -5.6148
           0    -5.47912
           0    -5.52366
           0    -5.51212
           0    -5.58103
           0    -5.51608
           0    -5.49708
           0    -5.55363
           0    -5.42835
           0    -5.44052
           0    -5.46326
           0     -5.4364
           0    -5.45549
           0    -5.49806
           0    -5.52616
           0    -5.39513
           0    -5.43627
           0    -5.42821
           0    -5.49771
           0    -5.47789
           0    -5.55428
           0    -5.58777
           0    -5.52599
           0    -5.45664
           0    -5.52195
           0    -5.61866
           0    -5.59197
           0    -5.49999
           0    -5.54538
           0    -5.57357
           0    -5.44135
           0    -5.53396
           0    -5.49242
           0    -5.36226
           0    -5.33359
           0    -5.42107
           0    -5.50835
           0    -5.45796
           0    -5.46189
           0    -5.57939
           0     -5.5377
           0    -5.51425
           0    -5.48842
           0    -5.43173
           0    -5.39839
           0    -5.53563
           0    -5.59358
           0    -5.56707
           0    -5.55298
           0    -5.63964
           0    -5.64511
           0    -5.54612
           0    -5.52094
           0    -5.52283
           0    -5.53313
           0    -5.56575
           0     -5.6127
           0    -5.67638
           0    -5.48638
           0    -5.55111
           0    -5.53696
           0    -5.47909
           0    -5.58413
           0    -5.55245
           0    -5.57346
           0    -5.57415
           0    -5.59337
           0    -5.42306
           0      -5.609
           0    -5.53773
           0    -5.71526
           0    -5.55223
           0    -5.56821
           0    -5.51526
           0    -5.50376
           0     -5.6326
           0    -5.53229
           0    -5.56021
           0    -5.59295
           0    -5.62855
           0    -5.55661
           0    -5.50594
           0     -5.4684
           0    -5.50835
           0    -5.44154
           0    -5.43544
           0    -5.36367
           0    -5.36819
           0    -5.48519
           0    -5.40187
           0    -5.45587
           0    -5.44109
           0    -5.50958
           0    -5.56585
           0     -5.5889
           0    -5.54235
           0    -5.56372
           0    -5.61068
           0    -5.54121
           0    -5.46524
           0    -5.44269
           0    -5.50949
           0    -5.45382
           0    -5.47438
           0     -5.4819
           0    -5.43911
           0    -5.44573
           0    -5.54416
           0     -5.5361
           0    -5.57476
           0    -5.55041
           0    -5.58853
           0    -5.48736
           0    -5.48349
           0    -5.55502
           0    -5.46828
           0    -5.49688
           0    -5.53066
           0    -5.56376
           0    -5.48637
           0    -5.49469
           0    -5.53843
           0    -5.47726
           0    -5.49344
           0    -5.53165
           0    -5.46605
           0    -5.59485
           0    -5.61689
           0    -5.57672
           0    -5.52668
           0    -5.65981
           0    -5.64995
           0    -5.68262
           0    -5.66359
           0    -5.68926
           0    -5.62971
           0    -5.68509
           0    -5.61934
           0    -5.70846
           0    -5.73189
           0    -5.63333
           0    -5.70081
           0    -5.67364
           0    -5.58912
           0    -5.48486
           0    -5.54588
           0    -5.51596
           0    -5.48099
           0    -5.53394
           0     -5.4506
           0    -5.48584
           0    -5.46441
           0    -5.42019
           0    -5.53778
           0    -5.49181
           0    -5.49518
           0    -5.48242
           0    -5.48583
           0    -5.53628
           0    -5.47256
           0    -5.46698
           0    -5.49146
           0    -5.45802
           0    -5.41295
           0    -5.40482
           0    -5.37811
           0    -5.32484
           0    -5.35291
           0    -5.32968
           0    -5.33525
           0    -5.28193
           0    -5.31155
           0    -5.31051
           0    -5.28257
           0    -5.33285
           0    -5.42834
           0     -5.4271
           0    -5.47206
           0     -5.5407
           0    -5.50975
           0    -5.48633
           0    -5.35222
           0    -5.47206
           0    -5.43584
           0    -5.51709
           0    -5.54188
           0     -5.5505
           0    -5.52145
           0     -5.4508
           0     -5.3762
           0     -5.4746
           0    -5.42836
           0    -5.44184
           0     -5.5171
           0    -5.46267
           0    -5.48166
           0    -5.44673
           0     -5.5124
           0    -5.50576
           0     -5.4752
           0    -5.50464
           0    -5.50552
           0    -5.45604
           0    -5.50573
           0    -5.55669
           0    -5.53825
           0    -5.58435
           0     -5.6051
           0    -5.63667
           0    -5.49085
           0    -5.46244
           0    -5.56364
           0    -5.46813
           0    -5.60378
           0    -5.67592
           0    -5.73126
           0    -5.64755
           0    -5.55975
           0    -5.63336
           0    -5.56031
           0    -5.49916
           0    -5.53952
           0    -5.49727
           0    -5.62023
           0    -5.55221
           0    -5.50234
           0    -5.56828
           0    -5.57839
           0      -5.514
           0    -5.52924
           0     -5.5456
           0     -5.5648
           0    -5.53884
           0    -5.54903
           0    -5.55469
           0    -5.53465
           0     -5.5286
           0    -5.57534
           0    -5.56682
           0    -5.60077
           0    -5.50865
           0    -5.48417
           0    -5.50939
           0    -5.59902
           0    -5.50304
           0    -5.53623
           0    -5.52703
           0    -5.66409
           0    -5.64048
           0    -5.58403
           0    -5.49214
           0    -5.47084
           0    -5.52378
           0    -5.56895
           0     -5.5265
           0    -5.53242
           0    -5.49022
           0    -5.54408
           0    -5.46036
           0    -5.43447
           0    -5.47867
           0    -5.49504
           0    -5.48577
           0    -5.42941
           0    -5.38992
           0    -5.43534
           0    -5.49567
           0    -5.52543
           0    -5.50485
           0    -5.56701
           0    -5.67173
           0    -5.63655
           0    -5.60641
           0    -5.58444
           0    -5.57447
           0    -5.52855
           0    -5.47797
           0    -5.47678
           0    -5.41432
           0    -5.49851
           0    -5.34588
           0    -5.38576
           0    -5.42406
           0    -5.41147
           0    -5.24141
           0    -5.30287
           0    -5.39389
           0    -5.35449
           0    -5.38603
           0    -5.41577
           0      -5.272
           0    -5.34537
           0    -5.42014
           0    -5.39347
           0    -5.29606
           0     -5.2911
           0    -5.39583
           0    -5.28155
           0    -5.35846
           0    -5.35037
           0     -5.3731
           0    -5.40828
           0     -5.4249
           0    -5.40261
           0    -5.42071
           0    -5.46427
           0    -5.45981
           0    -5.43713
           0    -5.47022
           0    -5.37568
           0    -5.45396
           0    -5.47263
           0    -5.49967
           0    -5.54214
           0    -5.53423
           0    -5.53825
           0    -5.50126
           0    -5.41251
           0    -5.43814
           0    -5.40795
           0    -5.43864
           0    -5.42433
           0    -5.38176
           0    -5.38405
           0    -5.51223
           0    -5.52149
           0     -5.5739
           0    -5.47506
           0    -5.45001
           0    -5.48436
           0    -5.54532
           0    -5.50268
           0    -5.55153
           0    -5.55643
           0    -5.49726
           0    -5.41378
           0    -5.50672
           0     -5.4829
           0    -5.51293
           0    -5.44811
           0    -5.55369
           0    -5.56759
           0    -5.44003
           0    -5.42902
           0    -5.50898
           0    -5.51066
           0    -5.42797
           0    -5.52544
           0    -5.53414
           0    -5.53657
           0    -5.56176
           0    -5.59793
           0    -5.64572
           0    -5.61839
           0    -5.59407
           0    -5.59919
           0    -5.62295
           0    -5.55417
           0    -5.55753
           0    -5.51855
           0    -5.38733
           0    -5.43515
           0     -5.4386
           0    -5.45391
           0    -5.46001
           0    -5.46164
           0    -5.46987
           0    -5.47053
           0    -5.52792
           0    -5.47767
           0    -5.62074
           0    -5.73976
           0    -5.75741
           0    -5.70213
           0    -5.69236
           0    -5.63414
           0     -5.5596
           0    -5.55262
           0    -5.53519
           0    -5.49847
           0    -5.51472
           0    -5.48736
           0    -5.49598
           0    -5.48179
           0    -5.44632
           0    -5.45137
           0     -5.4204
           0    -5.44655
           0    -5.45873
           0    -5.55817
           0    -5.58773
           0    -5.48272
           0    -5.56409
           0    -5.63219
           0    -5.65294
           0    -5.64945
           0    -5.55911
           0    -5.51685
           0    -5.54358
           0    -5.65722
           0     -5.5375
           0     -5.5349
           0    -5.46183
           0    -5.55285
           0     -5.4933
           0    -5.54111
           0    -5.50163
           0    -5.55017
           0     -5.6148
           0    -5.50532
           0      -5.587
           0    -5.61965
           0     -5.5964
           0    -5.49979
           0    -5.51453
           0    -5.50634
           0    -5.41621
           0    -5.42601
           0    -5.46244
           0     -5.5021
           0     -5.5609
           0    -5.50669
           0    -5.45226
           0    -5.46431
           0    -5.50676
           0    -5.42728
           0    -5.38369
           0     -5.3731
           0    -5.42194
           0    -5.30708
           0    -5.28965
           0    -5.29234
           0    -5.30522
           0    -5.27416
           0    -5.35304
           0    -5.46993
           0    -5.42604
           0    -5.45831
           0    -5.50559
           0    -5.49754
           0    -5.52002
           0    -5.49238
           0    -5.39125
           0    -5.38271
           0    -5.33075
           0    -5.32879
           0    -5.50132
           0    -5.44552
           0     -5.4554
           0    -5.42632
           0    -5.49146
           0    -5.57018
           0    -5.54379
           0    -5.47248
           0    -5.50404
           0    -5.49592
           0    -5.51394
           0    -5.51209
           0      -5.595
           0    -5.51523
           0    -5.55056
           0    -5.50107
           0    -5.53085
           0    -5.64994
           0    -5.59282
           0    -5.54994
           0    -5.58424
           0    -5.56708
           0    -5.49959
           0    -5.51563
           0    -5.52923
           0    -5.52312
           0    -5.61272
           0    -5.64593
           0    -5.54076
           0    -5.60902
           0    -5.55479
           0    -5.60574
           0    -5.69338
           0     -5.6336
           0     -5.5565
           0     -5.5376
           0    -5.52362
           0    -5.57922
           0    -5.55671
           0    -5.49307
           0    -5.41725
           0     -5.4312
           0    -5.38621
           0    -5.43687
           0    -5.51885
           0    -5.58739
           0    -5.53608
           0    -5.51896
           0    -5.55553
           0    -5.54086
           0    -5.54681
           0    -5.55566
           0    -5.53212
           0    -5.52076
           0    -5.48729
           0    -5.46207
           0    -5.59571
           0    -5.65005
           0     -5.7179
           0    -5.64507
           0    -5.64367
           0    -5.58383
           0    -5.63546
           0     -5.6117
           0    -5.55147
           0    -5.59952
           0    -5.62154
           0    -5.64979
           0    -5.64198
           0    -5.66671
           0    -5.60109
           0    -5.57831
           0     -5.5151
           0    -5.43037
           0    -5.50797
           0    -5.50904
           0    -5.55609
           0    -5.55678
           0    -5.54126
           0    -5.45703
           0    -5.49233
           0     -5.5593
           0    -5.49837
           0    -5.49287
           0    -5.50115
           0    -5.45632
           0    -5.58437
           0    -5.58533
           0    -5.65613
           0    -5.53074
           0    -5.52085
           0    -5.53012
           0    -5.52319
           0    -5.56259
           0    -5.56729
           0    -5.59312
           0    -5.57623
           0    -5.60394
           0    -5.54909
           0      -5.531
           0    -5.55903
           0    -5.52913
           0    -5.58775
           0    -5.53533
           0    -5.43711
           0    -5.37519
           0      -5.365
           0    -5.52361
           0    -5.49447
           0    -5.53894
           0     -5.5616
           0    -5.57081
           0    -5.53314
           0    -5.58495
           0    -5.51484
           0    -5.53371
           0    -5.50393
           0    -5.56473
           0     -5.5106
           0    -5.55096
           0    -5.59793
           0    -5.58001
           0    -5.64745
           0    -5.64779
           0    -5.64807
           0    -5.64277
           0    -5.58898
           0    -5.58598
           0    -5.47019
           0    -5.47453
           0    -5.40252
           0    -5.39464
           0    -5.47444
           0    -5.44316
           0    -5.44216
           0    -5.45545
           0    -5.43672
           0    -5.50395
           0    -5.53439
           0     -5.5673
           0    -5.45013
           0    -5.40237
           0     -5.4029
           0    -5.51334
           0    -5.58843
           0    -5.47343
           0    -5.58373
           0    -5.54398
           0    -5.57907
           0    -5.65864
           0    -5.69114
           0    -5.70047
           0    -5.69778
           0    -5.68622
           0    -5.68798
           0    -5.71276
           0    -5.73299
           0    -5.76615
           0    -5.73529
           0    -5.65295
           0    -5.57882
           0    -5.54422
           0    -5.53441
           0    -5.63686
           0    -5.67613
           0    -5.65723
           0     -5.7387
           0    -5.72443
           0    -5.72951
           0    -5.67192
           0    -5.59068
           0    -5.54668
           0    -5.60851
           0    -5.58606
           0    -5.54373
           0    -5.52552
           0    -5.55649
           0    -5.58108
           0    -5.62083
           0    -5.60546
           0    -5.66642
           0    -5.69654
           0    -5.67002
           0    -5.59852
           0     -5.6093
           0    -5.53855
           0    -5.56659
