#     BLOCK:  ACTUAL_PE:     PE_AVE:      ERROR:
           1    -5.42998    -5.42998           0
           2    -5.44708    -5.43853   0.0060464
           3    -5.43883    -5.43863  0.00403176
           4    -5.47086    -5.44669   0.0076036
           5    -5.43407    -5.44416  0.00648828
           6    -5.47784    -5.44978  0.00744915
           7    -5.45141    -5.45001  0.00638862
           8    -5.46474    -5.45185  0.00584919
           9    -5.47008    -5.45388  0.00553894
          10    -5.47673    -5.45616  0.00543593
          11    -5.51031    -5.46108  0.00681556
          12    -5.45793    -5.46082  0.00625266
          13    -5.47934    -5.46225  0.00593172
          14    -5.46337    -5.46233  0.00550857
          15    -5.44974    -5.46149  0.00520484
          16    -5.42905    -5.45946  0.00525961
          17    -5.46306    -5.45967  0.00495448
          18    -5.48915    -5.46131   0.0049425
          19    -5.46905    -5.46172  0.00469913
          20     -5.4714     -5.4622  0.00448906
          21    -5.46131    -5.46216  0.00427549
          22    -5.47025    -5.46253  0.00409692
          23    -5.50774    -5.46449  0.00436494
          24     -5.4362    -5.46331  0.00433938
          25    -5.44949    -5.46276   0.0042009
          26    -5.44205    -5.46196  0.00411416
          27     -5.4547    -5.46169  0.00397056
          28    -5.46117    -5.46168   0.0038288
          29    -5.48052    -5.46233  0.00375152
          30    -5.44739    -5.46183  0.00365936
          31    -5.46562    -5.46195  0.00354337
          32    -5.46121    -5.46193  0.00343271
          33      -5.452    -5.46163  0.00334184
          34    -5.46872    -5.46184  0.00325006
          35     -5.4619    -5.46184  0.00315721
          36    -5.43098    -5.46098   0.0031837
          37    -5.47064    -5.46124  0.00310834
          38    -5.45911    -5.46119  0.00302705
          39     -5.4948    -5.46205  0.00306971
          40    -5.44768    -5.46169  0.00301392
          41    -5.45888    -5.46162  0.00294119
          42    -5.48766    -5.46224  0.00293576
          43    -5.45903    -5.46216  0.00286844
          44      -5.445    -5.46177  0.00282964
          45    -5.47467    -5.46206  0.00278122
          46    -5.44849    -5.46177  0.00273637
          47    -5.46897    -5.46192  0.00268244
          48    -5.48302    -5.46236  0.00266232
          49    -5.47082    -5.46253  0.00261359
          50    -5.46586     -5.4626  0.00256216
          51    -5.45248     -5.4624  0.00251959
          52    -5.43385    -5.46185  0.00253025
          53    -5.47313    -5.46206  0.00249145
          54    -5.47599    -5.46232  0.00245862
          55    -5.46978    -5.46246  0.00241766
          56    -5.46571    -5.46252  0.00237519
          57    -5.45425    -5.46237  0.00233794
          58    -5.47202    -5.46254  0.00230355
          59    -5.44295     -5.4622  0.00228831
          60    -5.47013    -5.46234  0.00225398
          61    -5.46159    -5.46232  0.00221706
          62    -5.47463    -5.46252  0.00219016
          63    -5.50454    -5.46319  0.00225467
          64    -5.47895    -5.46344  0.00223284
          65    -5.45033    -5.46323  0.00220757
          66    -5.45883    -5.46317  0.00217513
          67    -5.47474    -5.46334  0.00214952
          68    -5.47254    -5.46348  0.00212215
          69    -5.47692    -5.46367  0.00210032
          70    -5.46109    -5.46363  0.00207064
          71     -5.4863    -5.46395  0.00206595
          72    -5.44585     -5.4637   0.0020525
          73    -5.47042    -5.46379  0.00202645
          74     -5.4706    -5.46389  0.00200116
          75    -5.47006    -5.46397  0.00197617
          76    -5.46041    -5.46392  0.00195072
          77     -5.4417    -5.46363   0.0019466
          78    -5.50286    -5.46414  0.00198556
          79    -5.45565    -5.46403  0.00196332
          80    -5.46732    -5.46407  0.00193921
          81    -5.48699    -5.46435  0.00193581
          82    -5.46118    -5.46431  0.00191259
          83     -5.4377    -5.46399  0.00191624
          84    -5.45278    -5.46386  0.00189807
          85    -5.44833    -5.46368  0.00188452
          86     -5.4843    -5.46392   0.0018778
          87    -5.47143      -5.464   0.0018582
          88    -5.43655    -5.46369  0.00186308
          89     -5.4903    -5.46399  0.00186598
          90    -5.46947    -5.46405  0.00184624
          91    -5.48093    -5.46424  0.00183525
          92     -5.4757    -5.46436  0.00181953
          93    -5.42992    -5.46399  0.00183726
          94    -5.42667    -5.46359  0.00186013
          95    -5.47051    -5.46367  0.00184197
          96    -5.46515    -5.46368  0.00182285
          97    -5.45072    -5.46355  0.00180895
          98    -5.46784    -5.46359  0.00179102
          99    -5.43552    -5.46331  0.00179524
         100     -5.4799    -5.46347  0.00178494
         101    -5.46445    -5.46348   0.0017673
         102    -5.47242    -5.46357  0.00175214
         103    -5.44131    -5.46336  0.00174841
         104     -5.4308    -5.46304  0.00175941
         105     -5.4621    -5.46303  0.00174268
         106    -5.49681    -5.46335  0.00175512
         107      -5.479     -5.4635   0.0017448
         108    -5.44711    -5.46335  0.00173523
         109    -5.47725    -5.46347    0.001724
         110    -5.43967    -5.46326  0.00172186
         111    -5.48805    -5.46348  0.00172077
         112     -5.4433     -5.4633  0.00171482
         113    -5.47613    -5.46341   0.0017034
         114    -5.44423    -5.46325  0.00169675
         115    -5.47379    -5.46334  0.00168447
         116    -5.46149    -5.46332  0.00167003
         117    -5.49995    -5.46363  0.00168484
         118    -5.46981    -5.46369  0.00167137
         119    -5.43588    -5.46345  0.00167359
         120      -5.406    -5.46297  0.00172676
         121     -5.4559    -5.46292  0.00171348
         122    -5.45924    -5.46289   0.0016997
         123    -5.45315    -5.46281  0.00168772
         124     -5.4683    -5.46285  0.00167469
         125    -5.46784    -5.46289  0.00166177
         126    -5.47693      -5.463  0.00165231
         127    -5.47058    -5.46306  0.00164038
         128    -5.46061    -5.46304  0.00162767
         129    -5.47659    -5.46315  0.00161844
         130    -5.46422    -5.46316  0.00160602
         131     -5.4877    -5.46334  0.00160465
         132    -5.47809    -5.46346  0.00159638
         133    -5.48955    -5.46365  0.00159638
         134    -5.47426    -5.46373  0.00158643
         135    -5.44164    -5.46357  0.00158309
         136     -5.4725    -5.46363  0.00157281
         137    -5.49681    -5.46387  0.00157986
         138    -5.46671     -5.4639  0.00156855
         139    -5.48609    -5.46406  0.00156537
         140    -5.47676    -5.46415  0.00155682
         141    -5.47872    -5.46425   0.0015492
         142    -5.45524    -5.46419  0.00153959
         143    -5.45841    -5.46415  0.00152935
         144    -5.46355    -5.46414  0.00151874
         145    -5.44465    -5.46401   0.0015142
         146    -5.46776    -5.46403  0.00150405
         147    -5.45899      -5.464  0.00149421
         148    -5.44329    -5.46386  0.00149065
         149    -5.48662    -5.46401  0.00148845
         150    -5.47187    -5.46406  0.00147945
         151     -5.4894    -5.46423  0.00147913
         152    -5.47697    -5.46432  0.00147178
         153    -5.48044    -5.46442  0.00146593
         154    -5.44243    -5.46428  0.00146335
         155    -5.45016    -5.46419  0.00145674
         156    -5.45378    -5.46412  0.00144893
         157    -5.47347    -5.46418  0.00144092
         158    -5.46247    -5.46417  0.00143184
         159     -5.4482    -5.46407  0.00142636
         160    -5.42707    -5.46384  0.00143607
         161      -5.448    -5.46374  0.00143051
         162    -5.45401    -5.46368  0.00142294
         163    -5.46005    -5.46366  0.00141439
         164    -5.47534    -5.46373  0.00140756
         165    -5.47799    -5.46381  0.00140168
         166    -5.45948    -5.46379  0.00139347
         167    -5.47016    -5.46383  0.00138565
         168    -5.46313    -5.46382  0.00137741
         169    -5.46867    -5.46385  0.00136956
         170    -5.47574    -5.46392  0.00136329
         171     -5.4869    -5.46405  0.00136192
         172      -5.467    -5.46407  0.00135411
         173    -5.46208    -5.46406  0.00134633
         174    -5.47398    -5.46412   0.0013398
         175    -5.45875    -5.46409   0.0013325
         176    -5.46263    -5.46408  0.00132495
         177     -5.4511    -5.46401   0.0013195
         178      -5.467    -5.46402  0.00131219
         179     -5.4694    -5.46405   0.0013052
         180    -5.46996    -5.46408  0.00129836
         181    -5.46401    -5.46408  0.00129119
         182     -5.4715    -5.46413  0.00128474
         183    -5.45562    -5.46408  0.00127856
         184    -5.43887    -5.46394  0.00127893
         185     -5.4807    -5.46403  0.00127522
         186    -5.49108    -5.46418  0.00127663
         187    -5.45258    -5.46412  0.00127131
         188      -5.467    -5.46413  0.00126464
         189    -5.47547    -5.46419  0.00125937
         190     -5.4646    -5.46419  0.00125274
         191    -5.46004    -5.46417  0.00124637
         192    -5.48138    -5.46426   0.0012431
         193    -5.45024    -5.46419  0.00123877
         194    -5.46171    -5.46418  0.00123245
         195    -5.45266    -5.46412  0.00122755
         196    -5.45535    -5.46407   0.0012221
         197    -5.48145    -5.46416  0.00121908
         198     -5.4665    -5.46417  0.00121298
         199    -5.47046     -5.4642  0.00120729
         200    -5.47238    -5.46424  0.00120195
