        0.482012       -0.105921         -1.8288
       -0.142259       -0.742584        -0.30992
       -0.410248       0.0834907        0.802565
       -0.615678        0.343299        0.263169
         1.51143        0.425335        -1.84739
       -0.598007        0.550298        0.691145
       -0.678275       0.0705897         1.01187
        -1.00655      -0.0459326        -1.78609
        0.279408         2.81029      -0.0854671
       -0.265967       -0.272634        0.395106
        0.311532        -1.83449        -2.13006
        0.352523       -0.106394        0.173722
       -0.641667           0.597         1.51576
        0.628454         1.60212        -1.07046
       -0.312315       -0.566514         1.00322
        0.198858        0.444707        0.887856
        0.614363       -0.743383       -0.322432
        0.389369        0.110593        0.499916
        0.921776       0.0571148       -0.298953
        0.746222         1.63299       -0.661166
        0.661338        0.810821        0.297684
          1.1799        0.533022       -0.748899
         1.30419         1.11649        0.461844
       -0.200368        0.114517        0.304919
       -0.206818        -1.43181       -0.231516
         1.59854         1.52641      0.00298479
        -1.27812        0.156333       -0.475979
         1.50519        0.594208        0.203498
       -0.115752        -1.14528        -1.44776
         1.73593        0.616243         1.34298
         1.03055      0.00941453          0.3095
       -0.507996        -1.14143        0.300612
       -0.299333       -0.213883         1.18931
       -0.796663       -0.141607        0.667398
        0.231639         1.35614        0.172905
       -0.385364         1.04395        0.316258
        0.432979        -1.61222        -1.28355
        0.104783       -0.862835        0.668696
        0.820767       -0.285855       -0.313025
       -0.794336        0.520167        0.702367
       -0.216795        0.542602         1.43835
        -1.63958        0.330715         1.94372
       -0.217562       -0.551695        0.309218
        0.228916        0.244623        -1.37802
        -1.14303       -0.120515         0.52156
       -0.621706         0.28379        0.680054
        0.662821         1.32632       -0.554318
        -1.60479       0.0883568        0.101202
         0.31602        0.699067       -0.886583
       -0.253082        -1.99589        0.261289
         1.05335         1.54164        0.518177
       -0.478958        0.195425         1.36835
       0.0305679       -0.658834       -0.651102
        -1.06383      -0.0561839      -0.0781441
       -0.128425       -0.640355        -1.47545
       0.0574629         2.34175      -0.0277689
       -0.679885        0.522249        0.789281
       -0.553745       -0.480697       -0.806692
        -0.69707        -1.96135      -0.0943611
       -0.649446       -0.014454         0.60864
       -0.593612        0.458649        0.280936
       -0.301487       -0.968714        0.258211
        0.540122       -0.756399        -1.01112
       -0.292139        -1.05976       -0.449102
         1.45898        0.099275         1.12866
       -0.293528        0.740491       -0.483947
        0.650193      -0.0986514        0.517945
       -0.400016        0.358995         1.00969
       -0.583342         -0.1113        -1.30805
       -0.506172         1.04652      -0.0693297
       0.0530087       -0.184171         1.55602
         1.01026       -0.620889        0.814446
        0.941625        -1.78291       -0.432609
        -1.11038       -0.139047       -0.235607
         1.33199        0.164566       -0.163692
        0.292395       -0.306108       0.0723683
         1.03348       -0.998238       -0.256819
        -0.82475       0.0129911        0.880269
       -0.880864       -0.270353       -0.724288
        -1.89463        0.313769        0.155394
       -0.510823        0.762475       -0.243116
        0.935426        0.338691        0.895103
          1.4824       -0.180221      -0.0951378
       -0.157878       -0.668059        0.721414
         1.03872       -0.203838       -0.427794
        0.773605        0.101834        0.393046
       -0.488541       -0.533461          -2.021
        0.817682        -1.90815       -0.491579
         0.12878     0.000857626          1.2447
        -1.36513        -1.58672        0.392696
        0.142021       -0.453374        0.657043
         1.20207       -0.515475         1.03661
       0.0272783        0.358833      -0.0869833
        0.587777        0.501399        -1.05782
      -0.0906834      -0.0350508       0.0875233
       0.0196829         1.02657        0.290159
       -0.324155       -0.987991        -1.43092
         0.63627         1.63192        0.155742
       -0.534624       -0.954725       -0.728323
       -0.934885         -0.5417          1.0071
        0.665968        -0.76412        -1.04292
        -1.86349     -0.00379432          1.7017
        -0.11317         0.17148       0.0189237
       -0.135988        -1.29449        -1.32941
         1.33593        0.286185        -1.14534
        -1.68087       -0.488887        -2.09771
       -0.112064         1.80272        0.524649
         -1.2997        0.729052        -0.39896
