#     BLOCK:   ACTUAL_KE:    KE_AVE:      ERROR:
           1     1.20303     1.20303           0
           2     1.20884     1.20593  0.00205399
           3      1.2044     1.20542  0.00143189
           4     1.19528     1.20289  0.00244331
           5     1.20518     1.20335  0.00199733
           6     1.19922     1.20266  0.00177889
           7     1.20835     1.20347  0.00170064
           8     1.19922     1.20294  0.00156907
           9     1.20248     1.20289  0.00139554
          10     1.20373     1.20297  0.00125849
          11     1.20268     1.20295  0.00114437
          12     1.20171     1.20284  0.00105366
          13     1.20266     1.20283 0.000972711
          14      1.2038      1.2029 0.000905704
          15     1.20354     1.20294 0.000846343
          16     1.20645     1.20316 0.000821298
          17     1.20311     1.20316 0.000772992
          18     1.20151     1.20307 0.000735433
          19     1.19363     1.20257 0.000847855
          20     1.21635     1.20326  0.00104859
          21     1.20185     1.20319  0.00100079
          22     1.19206     1.20269  0.00107555
          23     1.19657     1.20242  0.00106111
          24     1.19914     1.20228  0.00102563
          25     1.19788     1.20211 0.000999638
          26      1.2058     1.20225 0.000971257
          27     1.19418     1.20195 0.000980173
          28     1.18205     1.20124   0.0011749
          29     1.19517     1.20103  0.00115287
          30     1.21522      1.2015  0.00120762
          31     1.20666     1.20167  0.00118004
          32     1.19685     1.20152  0.00115272
          33     1.20773     1.20171  0.00113304
          34     1.19063     1.20138  0.00114558
          35     1.20289     1.20142  0.00111366
          36     1.20353     1.20148  0.00108427
          37     1.20612     1.20161  0.00106217
          38     1.19865     1.20153  0.00103706
          39     1.19897     1.20147  0.00101254
          40     1.19228     1.20124  0.00101293
          41     1.21258     1.20151   0.0010253
          42       1.196     1.20138  0.00100925
          43     1.20442     1.20145 0.000988255
          44     1.19056      1.2012  0.00099634
          45     1.21059     1.20141  0.00099577
          46     1.18724      1.2011  0.00102065
          47     1.20648     1.20122  0.00100533
          48     1.19591     1.20111  0.00099044
          49     1.19263     1.20094 0.000985225
          50     1.20176     1.20095 0.000965659
          51     1.20883     1.20111  0.00095899
          52     1.19182     1.20093  0.00095702
          53     1.21977     1.20128   0.0010028
          54     1.20369     1.20133 0.000985221
          55     1.20234     1.20135 0.000967479
          56     1.19642     1.20126 0.000954189
          57     1.20359      1.2013 0.000938327
          58     1.20924     1.20144 0.000932077
          59     1.20838     1.20155 0.000923685
          60     1.19787     1.20149 0.000910327
          61     1.20196      1.2015 0.000895436
          62      1.2133     1.20169 0.000901003
          63     1.21051     1.20183 0.000897511
          64     1.19032     1.20165 0.000901342
          65     1.20964     1.20177 0.000895826
          66     1.19474     1.20167 0.000888563
          67     1.20054     1.20165 0.000875461
          68     1.20278     1.20167 0.000862745
          69      1.2047     1.20171 0.000851363
          70     1.21886     1.20196 0.000873728
          71     1.18152     1.20167 0.000907602
          72     1.20521     1.20172 0.000896332
          73     1.20271     1.20173 0.000884157
          74     1.20249     1.20174 0.000872268
          75     1.19464     1.20165 0.000865764
          76     1.20793     1.20173 0.000858307
          77      1.1941     1.20163 0.000852859
          78      1.2166     1.20182 0.000863257
          79     1.20143     1.20182 0.000852344
          80     1.19794     1.20177 0.000843068
          81     1.20637     1.20183 0.000834569
          82     1.19185      1.2017 0.000833201
          83     1.22259     1.20196 0.000860322
          84     1.18774     1.20179 0.000866575
          85     1.20704     1.20185 0.000858581
          86     1.19976     1.20182 0.000848941
          87     1.19495     1.20174 0.000842852
          88     1.19295     1.20164  0.00083918
          89     1.21475     1.20179 0.000842576
          90     1.20188     1.20179 0.000833215
          91     1.19996     1.20177 0.000824301
          92     1.20165     1.20177 0.000815342
          93     1.19759     1.20173 0.000807814
          94     1.20354     1.20175 0.000799451
          95     1.20468     1.20178 0.000791634
          96     1.19918     1.20175 0.000783849
          97     1.19719      1.2017 0.000777175
          98      1.2004     1.20169 0.000769359
          99     1.19156     1.20159 0.000768359
         100     1.20432     1.20161 0.000761159
         101     1.19435     1.20154 0.000757015
         102     1.20766      1.2016 0.000751962
         103     1.19272     1.20152 0.000749589
         104     1.20645     1.20156 0.000743879
         105     1.19619     1.20151 0.000738551
         106     1.19739     1.20147 0.000732609
         107     1.21841     1.20163 0.000742668
         108     1.19024     1.20153 0.000743249
         109     1.21017     1.20161 0.000740648
         110     1.19501     1.20155 0.000736337
         111     1.21321     1.20165 0.000737163
         112     1.19959     1.20163 0.000730811
         113      1.1992     1.20161 0.000724661
         114     1.20105     1.20161 0.000718321
         115     1.20206     1.20161 0.000712086
         116     1.19234     1.20153 0.000710416
         117     1.20292     1.20154 0.000704444
         118     1.19512     1.20149  0.00070057
         119     1.21104     1.20157 0.000699271
         120     1.20145     1.20157 0.000693444
         121      1.1982     1.20154 0.000688271
         122     1.19796     1.20151 0.000683253
         123     1.20274     1.20152 0.000677772
         124      1.2006     1.20151 0.000672346
         125     1.20448     1.20154 0.000667386
         126     1.20774     1.20159 0.000663905
         127     1.19938     1.20157 0.000658905
         128     1.20162     1.20157 0.000653757
         129     1.18801     1.20146 0.000657086
         130     1.21075     1.20153 0.000655905
         131     1.19513     1.20149 0.000652717
         132     1.21492     1.20159  0.00065566
         133     1.19646     1.20155 0.000651862
         134     1.20026     1.20154 0.000647069
         135      1.2029     1.20155 0.000642355
         136     1.20504     1.20157 0.000638145
         137      1.2049      1.2016 0.000633948
         138     1.20645     1.20163 0.000630328
         139     1.19647      1.2016 0.000626889
         140      1.2006     1.20159 0.000622452
         141     1.20587     1.20162 0.000618776
         142     1.20015     1.20161 0.000614505
         143     1.20156     1.20161 0.000610208
         144     1.19321     1.20155  0.00060875
         145     1.20868      1.2016 0.000606534
         146     1.19251     1.20154 0.000605569
         147     1.19535      1.2015 0.000602912
         148     1.21208     1.20157 0.000603065
         149     1.19973     1.20156 0.000599144
         150     1.20424     1.20157 0.000595418
         151     1.20238     1.20158 0.000591499
         152     1.18931      1.2015 0.000593084
         153     1.21028     1.20156 0.000591978
         154     1.19031     1.20148 0.000592625
         155     1.21292     1.20156 0.000593378
         156     1.19728     1.20153 0.000590207
         157     1.20355     1.20154 0.000586588
         158     1.19897     1.20153 0.000583102
         159     1.20624     1.20155  0.00058019
         160     1.20662     1.20159 0.000577425
         161     1.20321      1.2016 0.000573927
         162      1.2066     1.20163 0.000571215
         163     1.21004     1.20168 0.000570037
         164     1.17803     1.20153 0.000584514
         165     1.20684     1.20157 0.000581854
         166     1.20303     1.20158 0.000578415
         167     1.19088     1.20151 0.000578486
         168     1.20247     1.20152 0.000575071
         169     1.20317     1.20153 0.000571751
         170      1.1916     1.20147 0.000571362
         171     1.20983     1.20152 0.000570108
         172     1.20524     1.20154 0.000567204
         173     1.20004     1.20153 0.000563991
         174     1.20156     1.20153  0.00056075
         175     1.20682     1.20156  0.00055836
         176     1.21011     1.20161 0.000557297
         177     1.19683     1.20158 0.000554802
         178     1.20366     1.20159 0.000551807
         179     1.19736     1.20157 0.000549231
         180     1.20226     1.20157 0.000546193
         181     1.20715     1.20161 0.000544044
         182     1.20318     1.20161 0.000541123
         183     1.20663     1.20164 0.000538861
         184     1.20309     1.20165  0.00053599
         185      1.1994     1.20164  0.00053323
         186     1.19071     1.20158 0.000533588
         187     1.20731     1.20161 0.000531614
         188       1.202     1.20161  0.00052879
         189       1.192     1.20156  0.00052843
         190     1.20441     1.20158 0.000525862
         191     1.19442     1.20154 0.000524442
         192     1.20694     1.20157 0.000522465
         193     1.20046     1.20156 0.000519789
         194     1.21167     1.20161 0.000519714
         195     1.19099     1.20156 0.000519898
         196       1.206     1.20158 0.000517738
         197     1.21009     1.20162 0.000516909
         198     1.19712      1.2016 0.000514799
         199     1.20605     1.20162 0.000512697
         200     1.20752     1.20165  0.00051098
