#   STEP:  TEMPERATURE:
           0    -7.46479
           0    -7.46762
           0    -7.47085
           0    -7.47351
           0    -7.47624
           0    -7.48033
           0    -7.48349
           0    -7.48734
           0    -7.49156
           0    -7.49482
           0    -7.49811
           0    -7.50043
           0    -7.50405
           0    -7.50831
           0     -7.5119
           0    -7.51483
           0    -7.51837
           0     -7.5222
           0    -7.52565
           0    -7.52938
           0    -7.53272
           0    -7.53631
           0    -7.53983
           0    -7.54327
           0    -7.54597
           0    -7.54891
           0     -7.5511
           0    -7.55351
           0     -7.5555
           0    -7.55802
           0    -7.56009
           0    -7.56173
           0    -7.56389
           0    -7.56721
           0    -7.56977
           0    -7.57187
           0    -7.57351
           0    -7.57534
           0    -7.57768
           0    -7.57827
           0     -7.5797
           0    -7.58067
           0    -7.58117
           0    -7.58187
           0    -7.58212
           0    -7.58288
           0     -7.5835
           0      -7.584
           0    -7.58373
           0    -7.58334
           0    -7.58315
           0    -7.58253
           0    -7.58211
           0    -7.58158
           0    -7.58095
           0    -7.57925
           0    -7.57908
           0    -7.57752
           0    -7.57685
           0    -7.57545
           0    -7.57462
           0    -7.57309
           0    -7.57214
           0    -7.57113
           0    -7.56943
           0    -7.56833
           0    -7.56752
           0    -7.56668
           0     -7.5655
           0    -7.56364
           0    -7.56242
           0    -7.56087
           0    -7.55933
           0    -7.55713
           0    -7.55592
           0    -7.55505
           0    -7.55291
           0    -7.55144
           0       -7.55
           0    -7.54828
           0    -7.54724
           0     -7.5456
           0    -7.54433
           0    -7.54311
           0    -7.54194
           0    -7.54116
           0    -7.54043
           0    -7.53977
           0    -7.53917
           0    -7.53832
           0    -7.53785
           0    -7.53681
           0    -7.53649
           0    -7.53592
           0    -7.53477
           0    -7.53401
           0    -7.53333
           0    -7.53337
           0    -7.53316
           0    -7.53367
           0    -7.53361
           0    -7.53394
           0     -7.5337
           0     -7.5345
           0    -7.53536
           0    -7.53565
           0    -7.53634
           0    -7.53676
           0    -7.53726
           0    -7.53814
           0    -7.53877
           0    -7.53881
           0    -7.53956
           0    -7.54038
           0    -7.54126
           0    -7.54317
           0    -7.54417
           0    -7.54522
           0    -7.54666
           0    -7.54881
           0    -7.55004
           0    -7.55132
           0    -7.55234
           0    -7.55406
           0     -7.5555
           0    -7.55732
           0    -7.55822
           0    -7.55982
           0    -7.56114
           0    -7.56283
           0     -7.5636
           0    -7.56505
           0    -7.56752
           0    -7.56971
           0    -7.57161
           0    -7.57387
           0    -7.57616
           0    -7.57784
           0    -7.57987
           0    -7.58193
           0    -7.58401
           0    -7.58612
           0     -7.5876
           0    -7.58942
           0     -7.5919
           0    -7.59406
           0    -7.59624
           0    -7.59809
           0    -7.60091
           0    -7.60276
           0    -7.60558
           0    -7.60774
           0    -7.60988
           0    -7.61266
           0    -7.61477
           0    -7.61718
           0    -7.61891
           0    -7.62127
           0    -7.62359
           0    -7.62523
           0    -7.62748
           0    -7.62968
           0    -7.63119
           0    -7.63233
           0    -7.63375
           0    -7.63575
           0    -7.63738
           0     -7.6396
           0    -7.64079
           0    -7.64223
           0    -7.64394
           0    -7.64493
           0    -7.64618
           0    -7.64703
           0    -7.64813
           0    -7.64917
           0    -7.65078
           0    -7.65135
           0    -7.65184
           0     -7.6529
           0    -7.65421
           0    -7.65511
           0    -7.65626
           0    -7.65734
           0    -7.65866
           0    -7.65926
           0    -7.65848
           0    -7.65827
           0    -7.65798
           0    -7.65696
           0    -7.65652
           0    -7.65632
           0    -7.65604
           0    -7.65601
           0    -7.65557
           0    -7.65506
           0    -7.65383
           0    -7.65252
           0    -7.65114
           0       -7.65
           0    -7.64976
           0    -7.64881
           0    -7.64843
           0      -7.647
           0    -7.64551
           0    -7.64395
           0    -7.64297
           0    -7.64127
           0    -7.63951
           0    -7.63736
           0    -7.63547
           0    -7.63352
           0    -7.63215
           0    -7.62974
           0    -7.62825
           0    -7.62637
           0    -7.62443
           0     -7.6221
           0    -7.62004
           0    -7.61728
           0     -7.6138
           0    -7.61254
           0    -7.60961
           0    -7.60727
           0    -7.60455
           0     -7.6021
           0     -7.5996
           0    -7.59769
           0    -7.59477
           0    -7.59179
           0    -7.58876
           0    -7.58601
           0    -7.58353
           0    -7.58035
           0    -7.57713
           0    -7.57354
           0    -7.57056
           0    -7.56753
           0    -7.56413
           0    -7.56134
           0    -7.55722
           0    -7.55339
           0    -7.54984
           0    -7.54593
           0    -7.54297
           0    -7.53965
           0    -7.53662
           0    -7.53389
           0    -7.53049
           0    -7.52771
           0    -7.52459
           0    -7.52113
           0    -7.51732
           0    -7.51416
           0    -7.51098
           0    -7.50715
           0    -7.50299
           0    -7.49915
           0    -7.49629
           0    -7.49278
           0     -7.4896
           0    -7.48546
           0    -7.48198
           0    -7.47755
           0     -7.4754
           0    -7.47197
           0    -7.46955
           0    -7.46585
           0    -7.46219
           0    -7.45986
           0    -7.45692
           0    -7.45402
           0    -7.45117
           0    -7.44771
           0    -7.44462
           0    -7.44191
           0    -7.43828
           0    -7.43568
           0    -7.43281
           0    -7.43001
           0    -7.42726
           0    -7.42491
           0     -7.4223
           0    -7.41975
           0    -7.41696
           0    -7.41489
           0    -7.41224
           0    -7.40967
           0     -7.4075
           0    -7.40508
           0    -7.40274
           0    -7.40081
           0    -7.39896
           0    -7.39752
           0    -7.39616
           0    -7.39456
           0    -7.39304
           0    -7.39193
           0    -7.39026
           0    -7.38932
           0    -7.38782
           0     -7.3877
           0    -7.38734
           0    -7.38642
           0    -7.38526
           0    -7.38451
           0    -7.38384
           0    -7.38325
           0    -7.38308
           0    -7.38201
           0    -7.38136
           0    -7.38111
           0    -7.38094
           0    -7.38085
           0    -7.38084
           0    -7.38124
           0    -7.38172
           0    -7.38195
           0    -7.38193
           0    -7.38231
           0    -7.38277
           0    -7.38363
           0     -7.3839
           0    -7.38458
           0    -7.38532
           0    -7.38678
           0    -7.38799
           0    -7.38861
           0     -7.3893
           0    -7.39006
           0    -7.39055
           0    -7.39208
           0    -7.39334
           0     -7.3953
           0    -7.39635
           0    -7.39779
           0    -7.39959
           0    -7.40015
           0    -7.40109
           0     -7.4024
           0    -7.40375
           0    -7.40547
           0    -7.40723
           0    -7.40935
           0    -7.41151
           0    -7.41371
           0    -7.41594
           0    -7.41788
           0    -7.41919
           0    -7.42119
           0    -7.42321
           0    -7.42525
           0    -7.42764
           0    -7.42972
           0    -7.43247
           0    -7.43459
           0    -7.43705
           0    -7.43887
           0    -7.44103
           0    -7.44351
           0    -7.44504
           0    -7.44689
           0    -7.44939
           0    -7.45189
           0    -7.45406
           0    -7.45527
           0    -7.45711
           0    -7.45798
           0    -7.46046
           0    -7.46229
           0    -7.46443
           0    -7.46623
           0    -7.46866
           0    -7.47108
           0    -7.47316
           0    -7.47489
           0    -7.47757
           0    -7.47927
           0    -7.48158
           0    -7.48354
           0    -7.48516
           0    -7.48642
           0    -7.48863
           0    -7.49113
           0    -7.49262
           0    -7.49506
           0    -7.49616
           0    -7.49788
           0    -7.49957
           0    -7.50121
           0    -7.50282
           0    -7.50471
           0    -7.50688
           0    -7.50805
           0    -7.50949
           0    -7.51089
           0    -7.51257
           0    -7.51356
           0    -7.51482
           0    -7.51637
           0    -7.51721
           0    -7.51801
           0    -7.51909
           0    -7.51979
           0    -7.52109
           0     -7.5217
           0     -7.5229
           0     -7.5234
           0    -7.52449
           0    -7.52522
           0    -7.52588
           0    -7.52715
           0    -7.52739
           0     -7.5279
           0    -7.52868
           0     -7.5294
           0    -7.52943
           0    -7.52972
           0    -7.52964
           0    -7.53015
           0    -7.53028
           0    -7.53036
           0    -7.53136
           0    -7.53101
           0    -7.53092
           0    -7.53079
           0    -7.53092
           0    -7.53068
           0    -7.53103
           0    -7.53036
           0    -7.52995
           0    -7.53047
           0    -7.53028
           0    -7.52972
           0    -7.52911
           0    -7.52845
           0    -7.52774
           0    -7.52633
           0    -7.52617
           0    -7.52531
           0    -7.52441
           0    -7.52281
           0    -7.52181
           0    -7.52045
           0    -7.51937
           0    -7.51792
           0    -7.51579
           0    -7.51491
           0    -7.51368
           0    -7.51306
           0    -7.51208
           0    -7.51075
           0    -7.50971
           0    -7.50833
           0    -7.50659
           0    -7.50516
           0    -7.50436
           0    -7.50289
           0    -7.50109
           0    -7.49927
           0    -7.49745
           0    -7.49594
           0    -7.49475
           0    -7.49324
           0    -7.49141
           0    -7.48991
           0    -7.48842
           0    -7.48662
           0    -7.48516
           0    -7.48339
           0     -7.4823
           0    -7.48155
           0    -7.47954
           0    -7.47821
           0    -7.47692
           0    -7.47567
           0    -7.47478
           0    -7.47329
           0    -7.47184
           0    -7.47077
           0    -7.46976
           0    -7.46848
           0    -7.46693
           0    -7.46641
           0    -7.46531
           0    -7.46557
           0    -7.46493
           0    -7.46436
           0    -7.46418
           0     -7.4644
           0    -7.46437
           0    -7.46376
           0    -7.46323
           0    -7.46277
           0    -7.46207
           0    -7.46209
           0    -7.46315
           0    -7.46268
           0    -7.46292
           0    -7.46292
           0    -7.46298
           0    -7.46312
           0    -7.46366
           0    -7.46426
           0    -7.46494
           0    -7.46535
           0    -7.46582
           0    -7.46701
           0     -7.4676
           0     -7.4689
           0    -7.46993
           0    -7.47101
           0    -7.47246
           0    -7.47299
           0    -7.47388
           0    -7.47481
           0    -7.47514
           0    -7.47647
           0    -7.47783
           0    -7.47922
           0    -7.48063
           0    -7.48272
           0    -7.48418
           0    -7.48533
           0    -7.48649
           0    -7.48734
           0    -7.48885
           0    -7.49036
           0    -7.49221
           0     -7.4934
           0    -7.49524
           0    -7.49676
           0    -7.49859
           0    -7.50074
           0    -7.50191
           0    -7.50307
           0    -7.50421
           0    -7.50534
           0    -7.50645
           0    -7.50786
           0    -7.50925
           0     -7.5103
           0    -7.51165
           0    -7.51329
           0    -7.51427
           0    -7.51587
           0     -7.5168
           0    -7.51803
           0    -7.51923
           0    -7.52073
           0    -7.52189
           0    -7.52302
           0    -7.52283
           0    -7.52391
           0    -7.52465
           0    -7.52602
           0    -7.52769
           0    -7.52902
           0    -7.52968
           0    -7.53066
           0    -7.53129
           0    -7.53289
           0    -7.53448
           0    -7.53411
           0    -7.53537
           0    -7.53759
           0    -7.53884
           0    -7.54008
           0    -7.54101
           0    -7.54226
           0     -7.5432
           0    -7.54414
           0    -7.54607
           0     -7.5467
           0    -7.54703
           0    -7.54801
           0    -7.54869
           0     -7.5497
           0    -7.55072
           0    -7.55209
           0    -7.55347
           0    -7.55454
           0    -7.55562
           0     -7.5564
           0    -7.55848
           0    -7.55993
           0    -7.56106
           0     -7.5622
           0    -7.56367
           0    -7.56451
           0    -7.56599
           0    -7.56715
           0    -7.56798
           0    -7.56912
           0    -7.57059
           0    -7.57171
           0     -7.5725
           0    -7.57295
           0    -7.57403
           0    -7.57509
           0    -7.57644
           0    -7.57713
           0    -7.57875
           0    -7.57937
           0     -7.5806
           0    -7.58115
           0    -7.58199
           0    -7.58343
           0     -7.5845
           0    -7.58521
           0    -7.58587
           0    -7.58681
           0     -7.5877
           0    -7.58822
           0    -7.58837
           0    -7.58944
           0    -7.59014
           0    -7.59111
           0    -7.59139
           0    -7.59162
           0     -7.5918
           0    -7.59259
           0    -7.59268
           0    -7.59241
           0    -7.59274
           0    -7.59302
           0    -7.59295
           0    -7.59252
           0     -7.5927
           0    -7.59349
           0    -7.59329
           0    -7.59305
           0    -7.59279
           0    -7.59218
           0    -7.59253
           0     -7.5922
           0    -7.59251
           0     -7.5928
           0    -7.59244
           0    -7.59207
           0    -7.59201
           0     -7.5913
           0    -7.59123
           0    -7.59084
           0    -7.59046
           0    -7.59008
           0    -7.58905
           0    -7.58804
           0    -7.58736
           0    -7.58702
           0    -7.58669
           0    -7.58605
           0    -7.58705
           0     -7.5871
           0    -7.58684
           0    -7.58564
           0    -7.58575
           0    -7.58524
           0    -7.58508
           0    -7.58494
           0    -7.58451
           0    -7.58443
           0    -7.58374
           0    -7.58372
           0    -7.58308
           0    -7.58248
           0    -7.58223
           0    -7.58234
           0    -7.58216
           0    -7.58265
           0    -7.58286
           0    -7.58245
           0    -7.58304
           0    -7.58269
           0    -7.58303
           0    -7.58339
           0    -7.58347
           0    -7.58358
           0    -7.58469
           0    -7.58454
           0    -7.58539
           0    -7.58498
           0    -7.58524
           0    -7.58586
           0    -7.58651
           0    -7.58718
           0    -7.58756
           0    -7.58829
           0    -7.58904
           0    -7.58982
           0    -7.59063
           0     -7.5908
           0    -7.59198
           0     -7.5935
           0    -7.59407
           0    -7.59465
           0     -7.5959
           0    -7.59619
           0    -7.59747
           0    -7.59876
           0    -7.59908
           0    -7.59974
           0    -7.60138
           0    -7.60237
           0    -7.60402
           0    -7.60534
           0    -7.60601
           0      -7.607
           0    -7.60701
           0    -7.60863
           0    -7.60992
           0    -7.61119
           0    -7.61277
           0    -7.61335
           0    -7.61423
           0    -7.61476
           0    -7.61527
           0    -7.61606
           0    -7.61714
           0    -7.61817
           0    -7.61949
           0    -7.61947
           0     -7.6207
           0    -7.62155
           0    -7.62234
           0    -7.62308
           0    -7.62375
           0    -7.62404
           0    -7.62555
           0    -7.62602
           0    -7.62675
           0    -7.62707
           0    -7.62667
           0    -7.62683
           0    -7.62724
           0    -7.62692
           0    -7.62618
           0    -7.62471
           0     -7.6238
           0    -7.62312
           0    -7.62203
           0    -7.62052
           0    -7.61988
           0    -7.61916
           0    -7.61801
           0    -7.61678
           0    -7.61577
           0    -7.61467
           0    -7.61348
           0    -7.61188
           0    -7.61051
           0    -7.60905
           0    -7.60589
           0    -7.60459
           0    -7.60224
           0    -7.60013
           0    -7.59763
           0    -7.59505
           0    -7.59208
           0    -7.59067
           0    -7.58822
           0    -7.58571
           0    -7.58283
           0    -7.57989
           0    -7.57788
           0    -7.57518
           0    -7.57212
           0    -7.56902
           0    -7.56622
           0    -7.56339
           0    -7.56151
           0    -7.55832
           0    -7.55415
           0    -7.55062
           0    -7.54709
           0    -7.54388
           0      -7.541
           0    -7.53814
           0    -7.53561
           0    -7.53245
           0    -7.52996
           0    -7.52718
           0     -7.5241
           0     -7.5217
           0    -7.51901
           0    -7.51669
           0    -7.51344
           0    -7.51088
           0    -7.50837
           0    -7.50591
           0    -7.50318
           0     -7.5005
           0    -7.49853
           0    -7.49628
           0    -7.49442
           0    -7.49196
           0    -7.48989
           0    -7.48755
           0    -7.48592
           0    -7.48403
           0    -7.48089
           0    -7.47847
           0    -7.47707
           0    -7.47572
           0    -7.47476
           0    -7.47351
           0    -7.47232
           0    -7.47118
           0    -7.46943
           0    -7.46772
           0    -7.46638
           0    -7.46475
           0    -7.46284
           0     -7.4616
           0    -7.46039
           0    -7.45888
           0    -7.45773
           0    -7.45627
           0    -7.45515
           0    -7.45404
           0    -7.45295
           0    -7.45187
           0    -7.45047
           0     -7.4494
           0    -7.44833
           0    -7.44759
           0    -7.44587
           0     -7.4448
           0    -7.44469
           0     -7.4436
           0    -7.44347
           0    -7.44237
           0    -7.44125
           0    -7.44044
           0    -7.43897
           0     -7.4375
           0    -7.43666
           0    -7.43484
           0    -7.43366
           0    -7.43311
           0     -7.4316
           0     -7.4304
           0    -7.42887
           0    -7.42767
           0     -7.4268
           0    -7.42561
           0    -7.42443
           0    -7.42359
           0    -7.42309
           0    -7.42196
           0    -7.42086
           0    -7.41947
           0    -7.41843
           0    -7.41744
           0    -7.41649
           0    -7.41494
           0    -7.41408
           0    -7.41329
           0    -7.41255
           0    -7.41123
           0    -7.41062
           0     -7.4104
           0    -7.41057
           0     -7.4105
           0    -7.40985
           0    -7.41025
           0    -7.41072
           0    -7.40997
           0    -7.40995
           0       -7.41
           0     -7.4098
           0    -7.40967
           0    -7.41026
           0    -7.41027
           0    -7.41066
           0    -7.41112
           0    -7.41195
           0    -7.41251
           0    -7.41313
           0    -7.41346
           0    -7.41448
           0    -7.41522
           0    -7.41631
           0    -7.41711
           0    -7.41793
           0    -7.41878
           0    -7.42029
           0    -7.42084
           0    -7.42172
           0    -7.42261
           0    -7.42318
           0    -7.42407
           0    -7.42496
           0    -7.42584
           0    -7.42607
           0    -7.42597
           0    -7.42716
           0    -7.42769
           0    -7.42789
           0    -7.42905
           0    -7.42988
           0    -7.43069
           0    -7.43182
           0    -7.43327
           0    -7.43309
           0    -7.43453
           0    -7.43499
           0    -7.43512
           0    -7.43591
           0    -7.43702
           0    -7.43813
           0    -7.43861
           0    -7.43942
           0    -7.43991
           0    -7.43978
           0    -7.44032
           0    -7.44152
           0    -7.44275
           0    -7.44401
           0    -7.44529
           0    -7.44597
           0    -7.44667
           0    -7.44807
           0    -7.44983
           0    -7.45098
           0    -7.45186
           0    -7.45311
           0    -7.45473
           0    -7.45641
           0    -7.45749
           0    -7.45831
           0    -7.46016
           0    -7.46239
           0    -7.46435
           0    -7.46606
           0    -7.46782
           0    -7.47095
           0    -7.47252
           0    -7.47415
           0    -7.47616
           0    -7.47824
           0    -7.48039
           0    -7.48259
           0    -7.48485
           0    -7.48685
           0    -7.48922
           0    -7.49198
           0    -7.49381
           0    -7.49732
           0     -7.4999
           0    -7.50221
           0    -7.50455
           0    -7.50726
           0    -7.50968
           0    -7.51246
           0    -7.51462
           0    -7.51712
           0    -7.51997
           0    -7.52284
           0    -7.52572
           0    -7.52925
           0    -7.53215
           0    -7.53504
           0    -7.53792
           0    -7.54111
           0    -7.54365
           0    -7.54648
           0    -7.54994
           0    -7.55305
           0    -7.55612
           0    -7.55883
           0    -7.56215
           0    -7.56412
           0    -7.56637
           0    -7.56857
           0    -7.57102
           0    -7.57277
           0    -7.57445
           0    -7.57672
           0     -7.5789
           0    -7.58134
           0    -7.58369
           0    -7.58629
           0    -7.58815
           0    -7.58992
           0    -7.59193
           0    -7.59319
           0    -7.59468
           0    -7.59607
           0    -7.59735
           0    -7.59789
           0    -7.59864
           0    -7.59993
           0    -7.60079
           0    -7.60122
           0    -7.60219
           0    -7.60337
           0    -7.60314
           0    -7.60378
           0     -7.6043
