#     BLOCK:   ACTUAL_T:     T_AVE:       ERROR:
           1     0.80202     0.80202           0
           2    0.805893    0.803956  0.00136932
           3    0.802931    0.803614 0.000954595
           4    0.796856    0.801925  0.00162887
           5    0.803455    0.802231  0.00133155
           6     0.79948    0.801772  0.00118593
           7    0.805569    0.802315  0.00113376
           8    0.799478     0.80196  0.00104604
           9    0.801657    0.801926  0.00093036
          10    0.802484    0.801982 0.000838995
          11    0.801786    0.801964 0.000762912
          12    0.801137    0.801895 0.000702442
          13     0.80177    0.801886 0.000648474
          14    0.802534    0.801932 0.000603803
          15    0.802362    0.801961 0.000564228
          16    0.804297    0.802107 0.000547532
          17    0.802071    0.802105 0.000515328
          18    0.801008    0.802044 0.000490289
          19    0.795756    0.801713 0.000565236
          20    0.810897    0.802172 0.000699061
          21    0.801235    0.802127 0.000667195
          22    0.794709     0.80179 0.000717032
          23    0.797716    0.801613 0.000707403
          24    0.799429    0.801522 0.000683755
          25    0.798584    0.801405 0.000666425
          26     0.80387    0.801499 0.000647504
          27    0.796121      0.8013 0.000653449
          28    0.788034    0.800826 0.000783268
          29    0.796781    0.800687 0.000768582
          30    0.810149    0.801002 0.000805079
          31    0.804437    0.801113 0.000786695
          32    0.797903    0.801013  0.00076848
          33    0.805152    0.801138 0.000755362
          34    0.793755    0.800921 0.000763721
          35    0.801928     0.80095 0.000742443
          36    0.802356    0.800989 0.000722846
          37    0.804078    0.801072 0.000708115
          38    0.799102    0.801021 0.000691376
          39    0.799315    0.800977 0.000675029
          40    0.794854    0.800824 0.000675284
          41    0.808385    0.801008 0.000683533
          42    0.797334    0.800921 0.000672833
          43    0.802948    0.800968 0.000658837
          44    0.793704    0.800803 0.000664227
          45    0.807057    0.800942 0.000663846
          46    0.791495    0.800736 0.000680436
          47     0.80432    0.800813 0.000670217
          48    0.797275    0.800739 0.000660293
          49    0.795087    0.800624 0.000656816
          50    0.801175    0.800635 0.000643773
          51    0.805885    0.800738 0.000639327
          52    0.794549    0.800619 0.000638013
          53    0.813177    0.800855 0.000668533
          54    0.802462    0.800885 0.000656814
          55    0.801558    0.800897 0.000644986
          56    0.797615    0.800839 0.000636126
          57    0.802395    0.800866 0.000625551
          58    0.806158    0.800957 0.000621385
          59    0.805588    0.801036  0.00061579
          60    0.798581    0.800995 0.000606885
          61    0.801307       0.801 0.000596957
          62    0.808869    0.801127 0.000600669
          63    0.807007     0.80122 0.000598341
          64    0.793543      0.8011 0.000600895
          65     0.80643    0.801182 0.000597217
          66    0.796495    0.801111 0.000592376
          67    0.800358      0.8011 0.000583641
          68    0.801854    0.801111 0.000575163
          69    0.803136    0.801141 0.000567575
          70    0.812572    0.801304 0.000582485
          71    0.787679    0.801112 0.000605068
          72    0.803476    0.801145 0.000597554
          73    0.801809    0.801154 0.000589438
          74    0.801657    0.801161 0.000581512
          75    0.796425    0.801098 0.000577176
          76    0.805285    0.801153 0.000572205
          77    0.796067    0.801087 0.000568572
          78    0.811068    0.801215 0.000575505
          79    0.800956    0.801211 0.000568229
          80    0.798625    0.801179 0.000562045
          81    0.804245    0.801217 0.000556379
          82     0.79457    0.801136 0.000555467
          83     0.81506    0.801303 0.000573548
          84    0.791824    0.801191 0.000577717
          85    0.804692    0.801232 0.000572387
          86     0.79984    0.801216  0.00056596
          87    0.796633    0.801163 0.000561901
          88    0.795299    0.801096 0.000559453
          89    0.809835    0.801195 0.000561717
          90    0.801253    0.801195 0.000555477
          91    0.799976    0.801182 0.000549534
          92    0.801097    0.801181 0.000543561
          93    0.798393    0.801151 0.000538543
          94    0.802361    0.801164 0.000532967
          95    0.803122    0.801184 0.000527756
          96    0.799454    0.801166 0.000522566
          97    0.798128    0.801135 0.000518117
          98    0.800267    0.801126 0.000512906
          99    0.794374    0.801058 0.000512239
         100    0.802877    0.801076 0.000507439
         101    0.796232    0.801028 0.000504677
         102    0.805103    0.801068 0.000501308
         103    0.795147    0.801011 0.000499726
         104    0.804297    0.801042 0.000495919
         105    0.797461    0.801008 0.000492367
         106    0.798257    0.800982 0.000488406
         107    0.812274    0.801088 0.000495112
         108    0.793491    0.801017 0.000495499
         109     0.80678     0.80107 0.000493766
         110    0.796674     0.80103 0.000490891
         111    0.808806      0.8011 0.000491442
         112    0.799728    0.801088 0.000487207
         113    0.799465    0.801074 0.000483107
         114    0.800698     0.80107 0.000478881
         115    0.801373    0.801073 0.000474724
         116    0.794894     0.80102 0.000473611
         117    0.801948    0.801028 0.000469629
         118     0.79675    0.800991 0.000467046
         119    0.807363    0.801045 0.000466181
         120    0.800968    0.801044 0.000462296
         121      0.7988    0.801026 0.000458847
         122    0.798642    0.801006 0.000455502
         123    0.801827    0.801013 0.000451848
         124    0.800401    0.801008 0.000448231
         125    0.802985    0.801024 0.000444924
         126    0.805162    0.801057 0.000442603
         127    0.799584    0.801045  0.00043927
         128    0.801083    0.801045 0.000435838
         129    0.792005    0.800975 0.000438057
         130    0.807168    0.801023  0.00043727
         131    0.796754     0.80099 0.000435145
         132    0.809947    0.801058 0.000437106
         133     0.79764    0.801033 0.000434575
         134    0.800174    0.801026 0.000431379
         135    0.801936    0.801033 0.000428236
         136    0.803362     0.80105  0.00042543
         137    0.803267    0.801066 0.000422632
         138      0.8043     0.80109 0.000420219
         139    0.797645    0.801065 0.000417926
         140    0.800398     0.80106 0.000414968
         141    0.803912     0.80108 0.000412517
         142    0.800102    0.801073  0.00040967
         143    0.801039    0.801073 0.000406805
         144    0.795475    0.801034 0.000405834
         145    0.805787    0.801067 0.000404356
         146    0.795005    0.801025 0.000403713
         147    0.796899    0.800997 0.000401941
         148    0.808054    0.801045 0.000402043
         149    0.799817    0.801037 0.000399429
         150     0.80283    0.801049 0.000396945
         151    0.801587    0.801052 0.000394332
         152    0.792876    0.800999  0.00039539
         153    0.806852    0.801037 0.000394652
         154    0.793537    0.800988 0.000395083
         155    0.808614    0.801037 0.000395585
         156    0.798187    0.801019 0.000393472
         157    0.802367    0.801028 0.000391059
         158    0.799311    0.801017 0.000388735
         159    0.804163    0.801037 0.000386793
         160    0.804411    0.801058  0.00038495
         161     0.80214    0.801064 0.000382618
         162    0.804401    0.801085  0.00038081
         163    0.806693    0.801119 0.000380025
         164    0.785354    0.801023 0.000389676
         165    0.804557    0.801045 0.000387902
         166     0.80202    0.801051  0.00038561
         167    0.793921    0.801008 0.000385657
         168    0.801648    0.801012 0.000383381
         169    0.802115    0.801018 0.000381168
         170      0.7944    0.800979 0.000380908
         171    0.806552    0.801012 0.000380072
         172     0.80349    0.801026 0.000378136
         173    0.800025     0.80102 0.000375994
         174    0.801039    0.801021 0.000373833
         175    0.804547    0.801041  0.00037224
         176    0.806742    0.801073 0.000371532
         177    0.797889    0.801055 0.000369868
         178    0.802438    0.801063 0.000367871
         179    0.798241    0.801047 0.000366154
         180    0.801509     0.80105 0.000364129
         181    0.804767     0.80107 0.000362696
         182    0.802118    0.801076 0.000360749
         183    0.804423    0.801094 0.000359241
         184    0.802058      0.8011 0.000357326
         185      0.7996    0.801091 0.000355487
         186    0.793808    0.801052 0.000355726
         187    0.804872    0.801073 0.000354409
         188    0.801331    0.801074 0.000352527
         189    0.794669     0.80104 0.000352287
         190    0.802941     0.80105 0.000350575
         191    0.796279    0.801025 0.000349628
         192    0.804627    0.801044  0.00034831
         193    0.800309     0.80104 0.000346526
         194    0.807778    0.801075 0.000346476
         195    0.793991    0.801039 0.000346598
         196    0.803997    0.801054 0.000345158
         197    0.806728    0.801082 0.000344606
         198    0.798078    0.801067   0.0003432
         199    0.804031    0.801082 0.000341798
         200    0.805012    0.801102 0.000340653
