Generation  Best distance  Mean distance
1        2436.78        2843.89
2        2425.37        2682.23
3        2300.69        2564.13
4           2176        2437.66
5        2099.32        2356.46
6        2053.46        2228.37
7        1963.33        2162.42
8        1888.11        2077.17
9        1845.27        2021.24
10        1839.38        1963.15
11        1820.24        1882.31
12        1760.45        1845.52
13        1744.92        1802.39
14         1655.2        1776.86
15        1609.17        1733.69
16        1470.47        1680.85
17        1470.47        1604.05
18        1470.47        1577.33
19        1470.47        1540.66
20        1470.47        1523.44
21        1445.13        1511.83
22        1445.13        1493.68
23        1402.04        1472.86
24        1394.81         1449.1
25        1376.34        1420.68
26        1341.64        1400.14
27        1336.47        1381.95
28        1322.48        1365.61
29        1278.82        1356.03
30        1275.88        1342.99
31        1275.88        1318.94
32        1245.69        1299.48
33        1239.93        1281.41
34        1218.19        1264.14
35        1218.19        1250.28
36        1195.02         1233.8
37        1177.59        1227.25
38        1177.59        1218.95
39        1177.59        1198.95
40        1144.29        1195.44
41        1140.21        1186.32
42        1103.05        1172.59
43           1083        1153.87
44        1055.96        1115.84
45        1055.68        1105.74
46        1046.96        1089.34
47        1018.16        1071.26
48         999.87        1055.56
49        993.804        1022.42
50        993.804        1006.89
51        993.804        999.082
52        993.534        996.916
53        990.416        995.617
54        981.909        993.515
55        981.909         990.69
56        981.909        986.732
57        981.909        984.237
58        971.383        983.789
59        965.317        981.627
60        963.751        978.214
61        963.751        971.642
62        954.145        970.306
63        936.674        968.136
64        936.674        962.777
65        924.069         955.98
66        913.467        941.223
67        913.467        933.425
68        913.467        925.523
69        885.231        923.934
70        885.231        916.039
71        885.231        906.287
72        885.231        910.089
73        885.231        903.058
74        885.231        907.484
75        876.926        901.101
76        858.211         891.32
77        858.211        880.529
78        849.929        872.037
79        849.929        864.993
80        849.741        859.392
81        841.166        855.198
82        841.166        850.102
83        841.166        845.989
84        839.472        846.651
85        839.472        846.983
86        839.472         841.29
87        839.472        841.504
88        832.939        841.102
89        832.939        838.483
90        824.861        836.218
91        824.861        834.933
92        802.637        830.076
93        792.197        825.668
94        792.197        816.609
95        792.197        811.816
96        792.197        807.075
97        792.197        802.488
98        778.132        798.801
99        778.132        802.971
100        778.132        797.631
101         767.93        787.952
102        746.442        782.339
103        746.442        767.879
104        734.479        761.238
105        734.479        752.611
106        734.479        746.852
107        734.479        745.726
108        734.479         744.07
109        720.084        742.049
110        720.084        736.201
111        720.084        729.404
112        720.084        729.988
113         714.76        729.808
114        712.188        724.221
115         712.07         725.25
116        698.278        718.791
117        694.244         715.81
118        688.997        707.841
119        682.563        702.775
120        682.563         697.01
121        674.386        693.652
122        672.715        691.413
123        672.715        687.116
124        658.448         677.28
125        658.448        675.015
126        658.448        674.879
127        657.313        696.286
128        651.376        685.043
129        651.376        667.236
130        650.242        663.334
131        650.242        659.387
132        626.263        652.765
133        626.263        647.842
134        625.679        641.765
135        616.379        636.878
136        616.379        627.551
137        609.444         624.88
138        609.444        619.981
139        609.444        617.172
140         608.67        613.435
141        602.501        612.156
142        592.772        609.676
143        592.772        607.598
144        591.998        602.357
145        591.998        599.447
146        588.325        598.197
147        588.325        596.587
148        588.325        593.838
149        588.325        593.765
150        588.325        592.025
151        588.325         591.26
152        588.325         593.15
153        588.325        592.535
154        588.325        595.454
155         586.07        590.592
156         582.79        590.103
157        578.586        587.699
158        578.586        586.228
159        577.223         584.27
160        577.223        582.362
161        565.778        579.891
162        565.778        578.404
163        565.778        575.202
164        565.778         573.64
165        559.047        570.796
166        550.883        567.015
167        541.946        565.511
168        536.068        553.989
169        536.068         546.73
170        536.068        540.846
171        527.821        538.231
172        526.244        537.556
173        524.628        533.601
174        523.132        530.065
175        520.394        527.351
176        520.394        524.206
177        519.484        523.467
178        509.628        522.194
179        509.628        519.881
180        502.624        519.598
181        502.624        516.003
182        502.624        517.557
183        495.009        509.811
184        495.009        512.089
185         491.12        501.898
186         491.12        498.403
187        487.822        493.413
188        487.822         491.33
189        485.254        490.083
190        485.254        488.857
191        485.254        487.365
192        483.905        486.529
193        481.708        485.896
194        481.708        484.598
195        477.409        483.402
196        477.409        482.345
197        477.409         480.68
198        477.409        479.673
199        477.409        480.105
200        443.819        478.938
201        443.819        472.065
202        440.594        465.207
203         440.27        453.317
204         440.27        448.828
205        439.309        445.876
206        439.309         442.01
207        439.309        443.305
208        438.404        441.945
209        438.404        441.408
210        426.018        442.488
211        426.018        440.301
212        425.057        436.349
213        418.433        432.819
214        418.433        429.313
215        414.292        426.973
216        413.145        423.365
217        413.145        420.765
218        413.145        421.953
219        411.752          421.5
220        411.752        429.575
221        409.008        424.767
222        409.008        416.672
223         408.07        413.109
224         405.38        410.892
225         405.38        409.408
226        403.617        408.291
227        403.617        406.219
228        403.594        405.612
229        403.594        404.598
230        400.733        404.354
231        400.733        403.674
232        400.733        402.484
233        398.142        402.046
234        398.142        401.636
235        398.142        400.139
236        398.142        399.011
237        396.767        398.929
238        396.767        398.038
239        396.767        397.409
240        395.579        397.283
241        394.204         396.77
242        394.204        396.279
243        394.204        395.329
244        394.204        394.895
245        391.645        394.628
246        391.645        394.072
247        391.645        393.351
248        391.645        392.853
249         391.34        392.725
250        389.085        392.409
251        389.085        391.455
252        387.739        390.608
253        387.739        389.973
254        386.301        388.789
255        386.301        387.911
256        386.301         387.35
257        384.467        387.055
258        383.028        386.203
259        381.384        385.002
260        381.384        383.862
261        381.384        382.566
262        381.384        382.187
263        381.384        381.987
264        381.384         381.93
265        381.384        382.195
266        376.795        381.817
267        376.795        381.057
268        348.336        378.699
269        348.336        373.344
270        348.336        366.434
271        348.336        359.839
272        348.088        358.287
273        348.088        355.331
274        347.974         349.15
275        347.974        348.164
276        347.974         348.09
277        347.974        348.025
278        347.511        348.003
279        347.397         347.91
280        347.397        347.703
281        347.397        347.573
282        347.397        347.528
283        347.397        347.524
284        347.397        347.473
285        347.397        347.566
286        343.828        347.643
287        343.828        347.086
288        343.828        346.299
289        343.316        345.467
290        343.316         345.18
291        343.316        344.618
292        343.316        344.746
293        343.316        344.402
294        342.398        343.472
295        342.398        343.376
296        342.398        343.155
297        342.398        343.086
298        342.398        343.628
299        342.398        343.866
300        342.398        343.468
301        341.951        346.649
302        341.951        344.798
303        341.951        346.215
304        341.951        345.724
305        339.468        345.753
306        339.468        344.254
307        339.468        343.087
308        339.468        341.481
309        339.468        341.464
310        339.468        343.612
311        339.468        347.464
312        338.774        344.403
313        338.774        341.714
314        337.882         341.03
315        337.882         343.52
316        337.882        341.511
317        337.188        339.867
318        337.188        339.141
319        337.188        338.152
320        337.188        337.583
321        337.188         337.82
322        337.188        337.868
323        337.188        337.544
324        337.188        337.677
325        337.188        337.526
326        337.188        338.372
327        337.188        344.388
328        337.188        342.588
329        337.188         339.65
330        336.999        339.714
331        333.061        339.302
332        332.986         338.43
333        331.081         335.66
334        331.006        333.863
335        331.006        332.431
336        331.006        331.973
337        331.006        331.608
338        331.006        331.423
339        331.006        331.378
340        331.006        331.248
341        331.006        331.605
342        327.946        331.267
343        327.946        330.719
344        327.946        329.867
345        291.714        328.969
346        285.278        321.859
347        285.278        303.404
348        282.217        288.116
349        282.217        286.548
350        282.217        285.118
351        282.217        283.716
352        282.217         283.35
353        282.217        283.861
354        282.217        283.888
355        281.586        283.878
356        281.586        282.787
357        281.586        281.985
358        281.297        281.892
359        280.587        281.747
360        280.587        281.329
361        280.587        280.967
362        277.458        280.814
363        277.458        279.926
364         271.73        279.297
365         271.73        276.905
366        271.616        274.119
367        271.616        272.989
368        271.616        272.374
369        271.616        272.099
370        271.616        271.822
371        267.641        271.876
372        267.641        271.562
373         267.35        269.733
374         267.35        268.797
375         267.35        267.847
376         267.35        267.478
377         267.35        267.496
378         267.35        267.542
379         267.35        267.573
380         267.35        267.826
381         267.35        267.435
382         267.35        267.408
383         267.35        267.383
384         267.35        267.431
385         267.35        267.417
386         267.35        267.383
387         267.35        267.419
388        266.998        267.399
389        266.476        267.322
390        266.476        267.589
391        266.476        266.946
392        266.476        266.738
393         260.77         266.52
394         260.77        265.435
395        256.506        263.046
396        256.506        261.202
397        256.506        259.177
398         253.78        257.807
399         253.78        256.392
400         253.78        255.301
401         253.78        254.677
402         253.78        254.539
403         253.78        254.389
404        251.922        254.119
405        251.569        253.535
406        251.569         252.52
407        251.569        251.827
408        251.569        251.675
409        251.569        251.669
410        251.569        251.656
411        251.569        251.654
412        251.569        251.649
413        251.569        251.697
414        251.569        251.672
415        251.569        251.755
416        251.569        251.691
417        251.569        251.736
418        250.756        251.626
419        250.756        251.453
420        250.756        251.281
421        250.756        251.128
422        250.756        250.973
423        250.756         250.96
424        250.756        250.892
425        250.756        250.983
426        250.756        250.962
427        250.756        251.346
428        250.756        252.403
429        250.756        258.764
430        250.756        261.769
431        250.756        254.561
432        250.756        250.938
433        247.428        250.905
434        240.487        251.679
435        240.363        253.591
436        240.363        245.929
437        240.363        243.751
438        240.363        242.612
439        240.363        242.267
440        240.363        241.338
441        240.363        243.076
442        240.363        241.159
443        240.363        241.197
444        238.139        245.106
445        238.139        244.894
446        238.139        240.126
447        238.139        239.567
448        238.139        239.058
449        238.139        239.078
450        238.139        239.021
451        238.139        239.041
452        236.745        239.021
453        236.745        238.234
454        235.526        237.491
455        235.526        236.871
456        235.526        236.632
457        235.526        236.314
458        235.526        236.102
459        235.526        236.021
460        235.526        236.054
461        235.526        235.866
462        235.526        236.071
463        235.526        240.297
464        235.526        244.335
465        235.526        244.583
466        226.815        251.224
467        226.815        244.143
468        225.436        234.894
469        225.436        230.806
470        225.436        227.061
471        225.436        226.643
472        225.436        226.286
473        225.436        226.507
474        225.436        228.025
475        225.436        231.473
476        225.436        229.576
477        225.436        230.488
478        225.436        229.686
479        222.409        228.788
480        222.409        225.999
481        220.981        223.984
482        220.981        223.501
483        220.981        222.804
484        219.866        221.806
485        219.866        221.173
486        219.866        220.399
487        219.866        220.282
488        219.866        220.208
489        219.866        220.178
490        219.866        220.221
491        219.866        220.237
492        219.866        220.466
493        219.866         220.56
494        219.866        221.438
495        219.866        222.907
496        219.158        220.143
497        219.158        219.927
498        219.158        219.507
499        219.158        219.376
500        219.158        219.442
501        219.158        219.441
502        219.158        219.337
503        219.158        219.366
504        218.983         219.41
505        218.983        219.307
506        218.983        220.186
507        218.983        220.074
508        218.983        226.183
509        218.983        228.067
510        218.983        221.599
511        218.983        225.111
512        218.983        224.524
513        218.983        230.972
514        218.179        234.051
515        218.179        225.838
516        218.179         220.66
517        218.179         218.77
518        218.179        218.475
519        218.179        218.927
520        218.179        218.517
521        218.179        218.494
522        218.179         221.33
523        218.179        226.555
524        218.179        223.021
525        218.179        218.541
526        218.179        218.941
527        218.179        218.404
528         217.24        218.497
529         217.24        218.207
530        214.336         218.16
531        214.336          217.3
532        214.336        216.428
533        214.336        216.425
534        213.397        215.682
535        213.397        214.857
536        213.397        214.152
537        213.397        213.697
538        213.397        213.826
539        213.397        214.056
540        213.397        213.816
541        213.397        214.111
542        213.397        214.053
543        213.397        214.138
544        213.397        213.986
545        213.397        214.063
546        209.103        213.859
547        209.103        212.731
548        209.103        211.452
549        209.103        210.894
550        209.103        210.734
551        209.103        210.272
552        207.701        210.072
553        207.701        209.762
554        207.701        208.917
555        207.701        208.341
556        207.701        208.215
557        207.701        208.165
558        207.701        208.851
559        207.701        208.833
560        207.701        208.513
561        204.966        208.635
562        204.966        208.906
563        204.966        207.362
564        204.966        206.214
565        204.966        206.107
566        204.966        206.142
567        204.966        206.464
568        204.966        206.031
569        204.966        205.734
570        204.966        205.824
571        204.966        205.771
572        204.966        205.626
573        204.966        205.518
574        204.966        205.867
575        204.966        206.132
576        204.966        207.195
577        204.966        205.907
578        204.966        207.023
579        204.966        206.137
580        204.966        206.244
581        204.966        206.507
582        204.966        205.966
583        204.966        205.935
584        204.966        206.021
585        204.966        206.334
586        204.966        206.225
587        204.966        205.717
588        204.966        206.651
589        204.966        206.965
590        204.966         205.78
591        204.966        205.687
592        204.966        205.673
593        204.966        205.469
594        204.966        207.967
595        204.966        208.535
596        204.966        211.846
597        204.966        211.319
598        204.966        206.519
599        204.966        207.795
600        204.966        206.553
601        204.966        206.912
602        204.966        210.536
603        204.966        214.774
604        204.966        213.576
605        204.966        213.314
606        204.966        211.483
607        204.814        208.623
608        204.814        211.776
609        204.814        206.464
610        204.814        205.939
611        204.814        206.166
612        204.814         207.68
613        204.814        210.333
614        204.814        207.985
615        204.814        206.122
616        204.814        208.026
617        204.814        211.185
618        204.814        210.014
619        204.492        210.598
620        204.492        206.959
621        204.492        205.255
622        204.492        204.849
623        204.492        204.789
624         203.56        204.591
625         203.56        204.428
626         203.56        204.204
627         203.35        203.987
628         203.35        203.806
629         203.35        203.612
630        201.644        203.434
631        201.644        203.517
632        201.644        206.531
633        201.644        215.124
634        201.644        226.108
635        200.987        227.316
636        200.987        233.566
637        200.987        221.531
638        200.987        216.679
639        200.987        211.022
640        200.987        221.525
641        200.987        226.993
642        200.987        221.747
643        200.987        211.359
644        200.987        204.975
645        200.987        207.796
646        200.987        202.398
647        200.987        202.534
648        197.332        203.128
649        197.332        201.272
650        197.332        199.356
651        197.332        198.765
652        197.332        199.155
653        197.332        199.065
654        195.443         198.59
655        194.135        198.119
656        194.135        196.126
657        194.135        195.346
658        194.135        195.123
659         194.01         195.31
660        192.922        194.464
661        192.922        193.897
662        192.922        193.601
663        192.922        193.398
664        192.147        193.376
665        192.147        192.983
666        192.147        192.527
667        192.147        192.383
668        192.147        192.438
669        192.147        192.472
670        192.147        192.465
671        192.147        193.997
672        192.147         197.76
673        192.147        194.474
674        192.147        193.389
675        191.124        194.852
676        191.124        194.757
677        191.124        195.497
678        191.124        191.992
679        191.124        194.122
680        191.124        194.817
681        191.124        191.876
682        191.124        193.736
683        191.124        193.687
684        191.124        195.362
685        191.124        196.706
686        191.124        197.498
687        191.124        195.995
688        191.124        193.215
689        191.124        192.658
690        191.124        191.689
691        191.124        193.822
692        191.124        194.036
693        191.124        196.261
694        191.124        195.771
695        190.686        195.372
696        190.686        192.813
697        190.686        191.867
698        190.686        190.976
699        184.839        190.788
700        184.839         189.64
701        184.839        187.606
702        184.839        187.623
703        184.839        188.792
704        183.434         186.57
705        183.434        187.595
706        183.434        186.399
707        183.434        184.401
708        183.434        184.281
709        183.434        184.731
710        183.434        184.927
711        183.434        186.895
712        183.434        184.396
713        183.434         187.73
714        182.345        187.895
715        182.345        184.624
716        182.345        185.352
717        182.345        186.088
718        182.345        185.007
719        182.345        183.161
720        182.345        184.744
721        182.345        183.997
722        182.345        183.324
723        181.289        183.834
724        181.289        182.614
725        181.289        181.835
726        181.289        182.006
727        181.289        182.191
728        181.289        181.724
729        181.289         181.85
730        181.289        185.185
731        181.289        182.863
732        181.289        182.323
733        181.289        182.402
734        181.289        183.125
735        181.289        183.027
736        181.289        184.219
737        181.289        182.698
738        181.289        181.792
739        181.289        181.726
740        181.289        182.274
741        181.289        182.252
742        181.289        181.755
743        181.289        181.706
744        181.289        183.686
745        181.289        186.258
746        181.289         189.41
747        181.289        183.108
748        181.289        183.182
749        181.289        183.336
750        181.289          184.2
751        181.289        184.381
752        181.289        181.999
753        181.289        185.713
754        179.346        184.953
755        174.847        183.734
756        174.847        179.896
757        174.847        178.317
758        174.847        177.107
759        173.937        177.428
760        172.449        176.754
761        172.449        174.469
762        172.449        173.278
763        172.449        173.247
764        172.449        172.931
765        172.449        174.222
766        172.449         176.43
767        172.449        183.369
768        171.281        186.176
769        171.281        177.651
770        171.281        171.987
771        171.281         173.27
772        171.281         172.02
773        171.281        172.503
774        171.281        172.992
775        171.281        172.837
776        171.281        174.556
777        171.281        176.904
778        170.617        175.543
779        170.617        172.872
780        170.617        171.298
781        170.617        171.606
782        170.617        172.139
783        170.617        173.782
784        170.617        175.512
785        170.617          173.2
786        170.617        175.385
787        170.617        186.829
788        170.617        175.019
789        170.617        176.571
790        170.617        176.416
791        170.617        173.723
792        170.617        175.519
793        170.617        176.981
794        170.617        175.678
795        170.617        176.808
796        170.617        173.944
797        170.617         172.09
798        170.617        171.896
799        170.617        174.965
800        170.617        176.958
801        170.617        177.631
802        170.617        174.172
803        170.617        177.056
804        170.617        180.328
805        170.617        181.302
806        170.617        182.834
807        170.617        173.281
808        170.617        177.289
809        170.617        174.866
810        167.785        174.908
811        167.785        171.792
812        167.785        169.437
813        167.213        168.837
814        166.654        168.678
815        165.866        167.754
816        165.866        167.049
817        165.866        166.744
818        165.866        166.386
819        165.866        166.232
820        165.866        166.247
821        165.866        166.257
822        165.866        166.163
823        165.866        166.261
824        165.866        166.344
825        165.866        166.205
826        165.866        166.547
827        165.866        167.745
828        165.866        170.808
829        165.866        168.966
830        165.866        170.079
831        165.866        176.999
832        165.866         173.09
833        165.866        169.684
834        165.866        169.739
835        165.866        170.045
836        165.866        168.395
837        165.866        168.074
838        165.866        167.113
839        165.866        167.613
840        165.866        167.611
841        165.866        168.069
842        165.866        167.582
843        165.866        168.258
844        165.866        167.891
845        165.866        168.087
846        165.866         167.37
847        165.866        167.138
848        165.866        167.342
849        165.866        171.951
850        165.866        169.989
851        165.866        176.343
852        165.866        183.357
853        165.866        181.183
854        165.866        182.902
855        165.866        196.438
856        165.866        194.901
857        165.866        192.867
858        165.866        179.719
859        165.866        178.492
860        165.866        185.497
861        165.866        179.087
862        165.866        177.289
863        165.866        178.928
864        165.866        177.401
865        165.866        178.325
866        165.866        185.261
867        165.866        179.748
868        165.866        177.322
869        165.866          178.2
870        165.866        171.409
871        165.866        172.295
872        165.866        173.582
873        165.757        178.653
874        165.757        172.663
875        165.757         176.71
876        165.757        167.237
877        165.757         169.09
878        165.703        168.813
879        165.703        168.199
880        165.703        166.153
881        165.703        165.725
882        165.703        166.013
883        165.703        166.013
884        164.702        169.439
885        164.702        172.815
886        164.702        167.442
887        164.702        165.208
888        164.702        166.741
889        164.702        167.964
890        164.702        166.671
891        163.619        166.726
892        163.619         165.05
893        163.619        164.551
894        163.619        164.579
895        163.619        164.456
896        163.619        164.104
897        163.619        164.325
898        163.619        164.398
899        163.619        164.075
900        163.619        164.488
901        163.619        164.507
902        163.619        164.255
903        163.619        164.107
904        163.619        164.099
905        163.619        164.029
906        162.415         166.43
907        162.415        164.373
908        162.415        164.248
909        162.415        164.949
910        162.415        164.138
911        162.415        163.494
912        162.415         163.19
913        162.415        163.113
914        162.415        163.463
915        162.415        171.073
916        162.415        172.037
917        162.415        169.567
918        162.415        167.815
919        162.415        165.259
920        162.415        164.416
921        162.415        167.468
922        162.415        166.537
923        162.415        166.102
924         161.24        170.537
925        159.646        169.936
926        159.646        163.499
927        159.646        163.716
928        159.646        161.813
929        159.646        160.392
930        159.646        161.203
931        159.646        162.371
932        159.646        160.364
933        158.541        160.997
934        158.541        159.993
935        158.541        159.564
936        158.541        159.018
937        158.541        158.844
938        158.541         158.75
939        158.541          158.8
940        158.541        159.075
941        158.541        159.426
942        158.541        159.683
943        158.541        159.707
944        158.541        159.949
945        158.541        159.909
946        158.541        159.587
947        158.541        160.131
948        158.541        161.499
949        158.541        163.845
950        158.541        163.072
951        158.541        161.704
952        158.541        165.273
953        158.541        162.766
954        158.541        165.421
955        158.541        162.309
956        158.541        165.975
957        158.541        165.888
958        158.541        167.229
959        158.541        163.358
960        158.541        163.996
961        158.541        162.563
962        158.541        165.282
963        158.541        166.258
964        158.259        167.111
965        158.259        163.565
966        158.259        159.763
967        158.259        158.648
968        158.259        158.681
969        158.259        160.664
970        158.259          158.9
971        158.259         158.92
972        158.259        159.895
973        158.259        159.537
974        158.259         160.15
975        158.259        159.196
976        158.259        161.357
977        158.259        164.797
978        158.259        163.244
979        158.259        161.534
980        157.659        161.117
981        157.659        159.066
982        157.659        158.137
983        157.659        157.912
984        157.659        158.894
985        157.659        158.911
986        157.659        159.143
987        157.659        159.962
988        157.659        159.784
989        157.659        158.016
990        157.659        158.229
991        157.659        158.089
992        157.659        158.095
993        157.659        159.903
994        157.659        159.812
995        156.698        157.997
996        156.698        157.716
997        156.415        157.423
998        156.415        156.858
999        156.415        156.645
1000        156.415        156.546
