Generation  Best distance  Mean distance
1        2203.54        2782.53
2        2176.85        2520.82
3        2045.21        2324.01
4        1963.46        2150.96
5        1945.66        2068.15
6        1939.84        2006.98
7        1865.03        1965.91
8        1856.85         1931.4
9        1725.36        1896.73
10        1725.36        1859.75
11        1723.19        1821.03
12        1687.89        1776.24
13         1668.4        1740.56
14        1648.45        1716.28
15        1601.21        1685.85
16        1581.73         1664.2
17        1581.73        1637.87
18        1522.85        1611.78
19        1522.85        1587.75
20        1489.08        1563.47
21        1467.63        1534.39
22        1445.29        1502.37
23        1418.84        1487.48
24        1353.04        1456.16
25        1353.04        1434.22
26        1333.95         1412.1
27        1326.44        1386.15
28        1323.58        1367.04
29        1321.97        1357.61
30        1293.19        1346.77
31        1293.19           1332
32        1279.94        1334.65
33        1273.07        1336.55
34        1258.37        1333.59
35        1258.37        1320.28
36        1258.37         1297.6
37        1258.37        1286.76
38        1258.37        1282.15
39        1238.03        1278.64
40        1238.03        1260.51
41        1191.22        1250.51
42        1188.68         1231.4
43        1168.84        1211.32
44        1165.46        1191.69
45         1122.2        1180.73
46         1122.2        1182.71
47        1098.43        1174.08
48        1098.43        1160.81
49        1086.85        1148.65
50        1086.85        1124.25
51        1079.66        1116.55
52        1054.62        1094.54
53        1042.88        1079.31
54        1035.16        1068.13
55        1025.22        1057.36
56        1025.22        1043.11
57         1017.5        1037.25
58        1014.35        1031.11
59        1013.99        1025.66
60        1010.44        1018.49
61        995.717        1013.95
62        987.322        1007.42
63        987.322        1000.71
64        987.322        993.654
65        987.322        991.875
66        987.322        990.086
67        979.873        989.335
68        979.873        988.406
69        972.605        984.196
70        972.605        979.962
71        955.769        975.281
72        947.646         972.68
73        947.646        963.987
74        947.646        956.744
75        947.646        953.759
76        943.685        953.877
77        943.685        954.156
78        943.685        950.188
79        940.166        945.248
80        940.166        945.499
81        940.166        943.687
82        940.166        943.216
83        918.114        943.377
84        918.114        945.091
85        916.284        936.724
86        904.568        934.891
87          883.3        928.351
88        882.516        920.604
89        882.516        914.304
90        880.161        912.664
91        880.161        911.769
92        878.015        901.489
93        839.568        890.897
94        839.568         884.26
95        821.848        867.486
96        821.848         849.15
97        796.323        833.739
98        796.323         828.86
99        796.323        822.834
100        795.439        813.306
101        788.263        806.613
102         780.19         801.79
103        774.556        792.666
104        774.556        790.738
105        774.556        785.035
106        774.556        780.013
107        774.556        778.025
108        773.468        777.232
109        772.127        777.975
110        772.127        775.383
111        761.163        775.243
112        761.163        775.327
113        755.619        776.378
114        755.619        772.393
115         738.63         777.12
116         738.63         782.63
117         738.63        772.636
118         738.63        760.486
119         738.63        760.021
120         738.63        758.662
121        699.205         751.81
122        699.205        745.891
123        699.205        735.439
124        683.562        722.943
125        683.562        706.969
126        679.242        702.528
127        675.577        691.946
128        675.577        681.979
129        675.577        678.196
130        647.009        676.642
131        647.009        672.821
132        647.009         662.62
133        637.916        658.991
134        637.916        652.278
135        634.709        644.876
136        634.709        641.158
137        634.709        638.342
138        615.193        636.585
139        615.193        632.916
140        615.193         627.79
141        615.193        622.923
142         613.42        624.148
143         613.42        627.492
144         613.42        624.864
145        610.913        627.501
146        610.913        619.202
147        610.913        614.041
148        610.913        612.683
149        609.303        612.511
150        609.303         612.99
151        609.303        613.382
152        609.303        613.736
153        609.303        613.115
154        609.303         611.91
155        609.303        614.022
156        609.303        616.993
157        609.303         628.28
158        609.303        620.715
159        609.303        619.731
160        606.093         623.04
161        606.093        622.728
162        606.093        619.225
163        606.093        613.608
164        606.093        611.806
165        593.622        615.262
166        593.622        607.087
167        593.622        600.508
168        592.157        598.491
169        592.157        594.463
170        591.625        592.832
171        591.332        592.238
172        591.332        591.805
173        588.092        591.449
174        588.092        590.923
175         586.81        590.211
176        586.414        588.625
177        574.961        587.208
178        574.961        584.309
179        568.123        581.846
180        556.334         576.54
181        550.807        570.295
182        542.436        565.476
183        542.436        559.704
184        542.436        551.811
185        538.417        548.855
186        538.417        544.715
187        538.417        541.503
188        538.417        541.379
189        538.417        540.805
190        531.472        540.111
191         530.48        538.932
192        529.751        536.795
193        525.998        534.207
194        524.105        531.211
195        513.805        527.555
196        510.799        523.201
197        510.799        517.727
198        509.195        513.451
199        509.195        511.996
200        500.474        511.432
201         498.87        509.119
202         498.45        505.817
203        498.185        502.538
204        494.322        498.962
205        493.396        497.553
206        490.062        495.626
207        459.692        492.878
208        459.692        486.702
209        452.932        477.608
210        452.932        473.064
211        452.932        465.252
212         450.13        463.887
213        449.631        458.542
214        449.631        452.608
215        440.763        451.011
216        440.763        449.136
217        440.763        446.595
218        430.917        443.723
219        430.917        440.701
220         420.51        437.088
221         420.51        431.917
222        415.393        426.406
223        415.393        423.432
224        415.393        421.104
225         412.59        418.081
226         412.59        416.864
227        404.787        415.711
228        404.787        414.191
229        404.787        410.385
230        390.654        409.325
231        390.654        407.093
232        390.654        403.103
233         387.97        400.962
234         387.97        397.361
235        386.726        393.747
236        386.726        389.133
237        386.726        388.233
238        386.726         387.43
239         385.65        387.436
240        381.152        386.489
241        381.152         385.31
242        372.793        383.676
243        372.793        381.961
244        368.296         380.71
245         366.45        376.278
246         366.45        371.834
247        362.342         368.39
248        362.342        367.121
249        362.342        365.217
250        362.342        364.057
251        360.394        363.927
252        360.394        363.442
253        356.962        362.501
254        356.962        361.255
255        356.962        360.406
256        356.962         359.94
257         355.84        361.325
258         355.84        361.565
259         355.84        360.813
260         355.84        356.689
261        355.015        356.313
262        355.015        355.914
263        355.015        355.886
264        353.893        355.404
265        353.893        355.097
266        353.893        354.638
267        353.893        354.822
268        353.893        355.223
269        353.893        354.333
270        353.893        355.178
271         351.68        356.357
272         351.68        354.926
273         351.68        352.889
274         351.68        352.595
275         351.68        352.306
276        348.384        352.185
277        348.384        351.705
278        348.384        350.402
279         346.61        349.796
280         346.61         349.39
281         346.61        348.639
282        345.808        347.857
283        345.808         346.92
284        345.808        346.217
285        341.244        346.221
286        341.244        344.905
287        341.244         343.43
288            340        342.535
289            340         341.17
290            340        340.629
291        339.563        340.426
292        323.019         339.88
293         319.77        336.032
294         319.77        329.933
295        316.601        325.069
296        316.601        323.977
297        315.347        320.181
298        315.347         319.01
299        315.347        318.377
300        315.347         318.64
301        312.284        318.761
302        312.284        318.246
303        306.871        316.638
304          299.9        312.882
305          299.9        310.658
306          299.9        307.549
307        298.158        304.606
308        298.158        302.178
309        298.158        301.263
310        297.114        300.207
311        297.114         299.58
312        297.114        298.452
313        295.372        298.486
314        295.372        297.887
315        295.372        296.531
316        295.245        296.163
317        290.498        295.697
318        290.498        294.929
319        290.498         293.72
320        290.498        292.621
321        290.498        292.708
322        290.498        293.099
323        290.498        293.213
324        290.498        291.651
325        290.498        291.127
326        290.399        293.398
327        288.725        292.118
328        288.725        290.137
329         287.19        289.667
330        287.185        289.221
331        287.185        288.358
332        287.185        287.495
333        287.185        287.291
334        287.185        287.421
335        287.185        288.052
336        286.408        287.847
337        285.686        287.107
338        285.686        286.777
339        281.381        286.487
340        281.381        285.461
341        281.381        283.895
342        281.381        283.183
343        281.381        282.811
344        281.381        282.302
345        281.381        282.305
346         280.35        281.702
347         280.35        281.314
348        278.557        281.003
349        278.557        280.502
350        278.557        279.753
351        278.557        279.502
352        278.557        279.177
353        278.557         279.58
354        278.557        279.997
355        278.557        279.936
356        278.557        280.511
357        278.557        280.229
358        277.683        280.566
359        275.269         279.24
360        274.395        277.702
361        274.395        276.269
362        274.395        275.328
363        271.689        274.835
364        271.689        273.825
365        271.689        272.926
366        271.689        272.512
367        271.689        272.419
368        271.689        272.298
369        271.689        272.305
370        271.689        272.649
371        271.689        272.561
372        271.689        272.676
373        271.689        273.109
374        271.689        273.301
375        271.689        273.673
376        271.689        272.448
377        269.573        272.914
378        267.876        271.545
379        266.768        270.282
380        266.768        269.496
381        266.768        267.829
382        266.768        267.626
383        266.768        267.166
384        266.755        267.076
385        266.755         266.99
386        266.755        267.022
387        262.694        266.709
388        262.694        266.056
389        262.694        264.999
390        262.694        264.176
391        262.336        264.108
392        262.336        264.077
393        260.401         263.57
394        260.401        262.661
395        260.401        261.539
396        260.401        261.743
397        260.401        261.304
398        260.401        261.127
399        260.401        261.399
400        260.401        262.115
401        260.401        260.949
402        260.401        260.969
403        260.401        261.378
404        260.401        262.483
405        260.401        262.741
406        260.401        264.486
407        260.401        266.962
408        260.401        268.186
409        259.368        263.061
410        259.368        266.461
411        259.015        262.983
412        259.015        260.246
413        258.776        259.704
414        258.776        260.388
415        258.776         263.73
416        258.776        267.883
417        258.776        279.959
418        258.776        273.246
419        258.776        269.845
420        251.937        276.139
421        251.937        263.152
422        251.937        259.849
423        251.937        254.967
424        251.937        254.133
425        251.265        254.058
426        251.265        251.895
427        251.265        251.641
428        251.265        251.507
429        251.265        251.471
430        251.265        251.512
431        251.265         251.53
432        251.265        251.674
433        251.265        251.525
434        251.265        252.063
435        251.265        252.421
436        251.265        251.664
437        251.265        251.731
438        251.265         251.82
439        251.265        252.956
440        251.265        252.698
441        251.265        252.171
442        251.265        253.966
443        251.265        255.006
444        251.265        259.202
445        251.265        254.917
446        251.265        255.124
447        251.265        255.237
448        251.265        253.808
449        251.265        254.826
450        251.265        252.237
451        248.886        252.048
452        248.886         251.56
453        248.886        250.378
454        248.886         249.97
455        248.886        249.532
456        248.886        249.506
457        248.886        249.665
458        247.844        249.762
459        247.844        249.547
460        247.844        248.891
461        247.844        248.813
462        247.402        248.982
463        247.402        247.988
464        246.836        247.762
465        246.836        247.518
466        246.836        249.448
467        246.836        256.395
468        246.836        261.749
469        246.836        268.943
470        246.836        265.579
471        246.836         269.91
472        246.836        276.487
473        246.836         275.04
474        246.836        279.792
475        246.836        278.175
476          242.1        262.509
477          242.1        259.734
478          242.1        255.712
479        238.976        247.337
480        238.976         245.55
481        238.976        245.889
482        238.976        244.361
483        238.976        249.574
484        238.976        244.531
485        238.976        245.184
486        238.976        246.061
487        238.976        241.448
488        238.976        248.073
489        238.976         248.05
490        238.976        246.177
491        238.976        247.143
492        238.976        242.921
493        238.976         244.91
494        238.976        243.916
495        238.976        244.796
496        236.417        246.693
497        236.417         243.11
498        236.417        238.376
499        236.417        238.273
500        236.417        237.534
501        236.417        237.432
502        236.417        237.671
503        236.417         237.39
504        236.417        237.086
505        236.417        237.307
506        236.417        239.854
507        236.417         243.91
508        236.417        246.127
509        236.417        242.435
510        236.417        244.155
511        236.417        241.074
512        236.417        242.355
513        236.417        241.835
514        236.417        246.565
515        236.417        247.786
516        236.417         244.29
517        236.417        241.857
518        231.338        240.017
519        229.712        238.419
520        229.443        234.813
521        229.443        232.174
522        229.443        231.019
523        229.443        229.726
524        229.443        229.855
525        228.404        230.177
526        228.404        229.299
527        228.404        229.342
528        228.404        228.938
529        228.404        228.817
530        228.404        228.751
531        228.404        228.606
532        228.404        228.641
533        228.404        228.658
534        228.404        231.591
535        228.404        230.861
536        228.404        231.882
537        228.404        231.287
538        228.404        230.241
539        228.404        230.702
540        228.404        230.732
541        228.404        231.201
542        228.404        230.958
543        228.404        232.954
544        228.404         232.59
545        228.404        232.693
546        228.404        231.121
547        228.404        230.856
548        227.704        230.966
549        223.984        228.914
550         222.99        227.436
551         222.99        225.867
552        222.905        225.119
553        221.986        223.365
554        221.986        222.956
555        221.876        222.438
556        221.876        222.188
557        221.876         222.13
558        221.876        221.957
559        221.876        222.045
560        221.876        222.068
561        221.876        222.295
562        221.876        222.583
563        221.876        232.308
564        221.876        228.495
565        221.876        226.736
566        221.876        231.182
567        221.876        238.962
568        221.876          235.9
569        220.205        230.959
570        220.205         228.02
571        211.982        223.208
572        211.982        220.237
573        211.982        217.978
574        211.982        216.309
575        201.813         213.44
576         200.09        208.858
577         200.09        205.559
578        199.435        201.781
579        197.327        200.594
580        197.327        199.884
581        197.327        198.648
582        197.327        198.226
583        197.327        198.107
584        197.327        197.949
585        197.327        197.981
586        197.327        198.028
587        197.327        198.133
588        197.327        198.003
589        197.327        198.255
590        197.327        198.796
591        196.618        199.502
592        196.618        198.018
593        196.478        197.597
594        196.478         196.94
595        196.478        196.791
596        196.478        196.778
597        196.478        196.669
598        196.478        196.818
599        196.478        196.606
600        196.478        196.813
601        196.478        198.561
602        196.478         205.61
603        196.478        200.364
604        196.478        202.546
605        196.478        199.094
606        196.478        199.179
607        196.478         198.14
608        196.478        196.637
609         194.23         196.73
610         194.23         196.38
611         194.23        195.639
612        192.795        195.747
613        190.723        194.954
614        189.288        193.646
615        189.288        191.677
616        189.288        191.201
617        189.288        192.173
618        181.489        191.661
619        181.489        189.304
620        181.489         185.79
621        181.489        183.629
622        181.489        183.453
623        181.489        182.814
624        181.489        183.979
625        181.489         183.54
626        181.489        183.271
627        181.489        183.128
628        181.489        183.285
629        181.489        189.635
630        181.489        188.121
631        181.489        184.698
632        181.489        186.062
633        179.781        182.704
634        179.781        182.225
635        178.541        182.141
636        177.003        180.282
637        177.003        179.345
638        177.003        178.999
639        177.003        183.243
640        177.003        187.495
641        177.003        191.766
642        177.003        188.123
643        177.003        184.341
644        175.448        187.022
645        175.448        182.669
646        175.448        181.953
647        175.448        176.769
648        175.448        178.974
649        175.448        178.825
650        174.651        178.757
651        174.153         177.75
652        174.153        176.247
653        174.153        176.234
654        174.153        176.369
655        174.153        176.878
656        174.153        176.036
657        174.153        177.211
658        174.153        177.084
659        174.153         175.83
660        174.153        177.413
661        174.153        177.522
662        174.153        176.941
663        174.153         177.93
664        174.153         177.34
665        174.153        177.601
666        174.153        178.606
667        174.153        178.329
668        174.153        175.936
669        174.153        176.631
670        174.153        177.055
671        174.153        180.002
672        174.153        177.722
673        174.153        178.106
674         169.06        183.805
675         169.06        178.345
676         169.06        174.518
677         169.06        173.491
678         169.06        172.306
679         169.06        174.084
680         169.06        174.391
681         169.06        175.703
682         169.06        174.039
683         169.06        178.621
684         169.06        173.725
685         169.06         176.95
686        168.311        172.968
687        168.311        169.502
688        168.311         168.66
689        168.311          168.6
690        168.311         168.55
691        168.311         168.62
692        168.311        168.667
693        168.311        168.584
694        168.311        169.004
695        168.311        169.501
696        168.311        169.622
697        166.336         168.91
698        166.336        168.357
699        164.551        167.808
700        164.551        166.893
701        163.354        166.006
702        163.354        164.974
703        163.354        163.919
704        163.354        163.849
705        163.264        163.826
706        163.264        163.658
707        163.264        163.404
708        163.264        163.305
709        163.264        163.293
710        163.264        163.339
711        163.264        163.438
712        163.264        163.503
713        163.264         163.35
714        163.264        164.724
715        163.104        163.997
716        163.104        163.331
717        163.104        163.212
718        163.104         163.16
719        163.104        163.155
720        163.104        163.139
721        163.104        163.136
722        163.104        163.155
723        159.652        163.609
724        159.652        163.152
725        159.652        161.821
726        159.652        161.087
727        159.652        160.981
728        159.551        160.883
729         159.39         160.38
730         158.89        159.815
731         158.89        159.459
732         158.89        159.518
733        158.435         159.19
734        158.032        159.007
735        157.577         158.54
736        157.577        158.194
737        157.577        157.907
738        157.577        157.766
739        157.577        157.753
740        157.577        157.693
741        157.577        157.707
742        157.577        157.699
743        157.577        157.765
744        157.577        157.751
745        157.577        157.834
746        157.577        157.798
747        157.577         161.28
748        157.577        158.676
749        157.577        158.685
750        157.577        157.863
751        157.577        157.915
752        157.577        158.887
753        157.577        158.146
754        157.404        158.771
755        157.404        158.113
756        157.404        157.748
757        157.404        158.465
758        157.404        159.614
759        157.404        159.351
760        156.831         160.37
761        156.658        157.672
762        156.658        157.221
763        156.658        158.606
764        156.658        161.051
765        156.658        160.683
766        156.658        159.343
767        156.658        160.464
768        156.658        159.527
769        156.617        165.034
770        156.617        162.102
771        156.617         158.83
772        156.617        157.689
773        156.617        156.642
774        155.846        156.955
775        155.846        156.745
776        155.846        156.349
777        155.846        156.314
778        155.846        156.174
779        155.846        156.046
780        155.846        156.024
781        155.846        155.943
782        155.846        156.014
783        155.846        156.158
784        155.846        156.157
785        155.846        157.161
786        155.846        157.161
787        155.846        156.028
788        155.846        157.503
789        155.846        157.659
790        155.846         156.95
791        155.846        158.391
792        155.846        159.883
793        155.846        159.215
794        155.846        159.109
795        155.846        160.546
796        155.846         162.29
797        155.846        161.948
798        155.846        164.557
799        155.846        159.997
800        155.846        162.098
801        155.221        161.202
802        155.221        156.804
803        152.734        155.513
804        152.421         155.15
805        152.421        154.231
806        152.421        152.898
807        152.258        152.924
808        152.258        152.537
809        152.032        152.363
810        152.032        152.435
811        152.032        152.273
812        152.032        152.202
813        152.032        152.548
814        152.032        152.787
815        152.032        152.869
816        152.032        152.874
817        152.032        152.989
818        152.032        152.903
819        152.032        153.776
820        152.032        154.967
821        152.032        153.699
822        152.032          154.5
823        151.782        155.426
824        151.632         153.31
825        151.632        151.881
826        151.632        151.792
827        151.632        151.738
828        151.632        151.731
829        151.632        151.754
830        151.632        152.032
831        151.632        151.916
832        151.632        151.747
833        151.632        151.734
834        151.632        151.715
835        151.632        151.803
836        151.632        153.514
837        151.632        156.175
838        151.632        155.913
839        151.632        155.421
840        151.632        156.464
841        151.632        154.487
842        151.632        156.315
843        151.632        154.107
844        149.263        155.942
845        149.263        152.703
846        148.742        151.123
847        148.742            151
848        148.742        150.932
849        148.742        149.909
850        148.742         150.14
851        148.742        155.177
852        148.742        155.584
853        148.742        152.857
854        146.229        156.742
855        146.229        153.545
856        146.229         151.17
857        146.229        152.714
858        146.229         153.12
859        146.229        150.964
860        146.229         150.41
861        146.229        154.118
862        146.229        159.433
863        146.229        159.162
864        146.229        155.112
865        146.229        159.492
866        146.229        148.566
867        146.229        149.028
868        145.541        148.024
869        145.541        146.936
870        145.541        146.684
871        145.541        146.309
872        145.541        146.036
873        145.541        146.155
874        145.541        145.992
875         143.84        146.208
876        143.128         146.27
877        143.128        145.467
878        142.884        144.685
879        142.884        144.574
880        142.884        143.964
881        142.884        143.981
882        142.884        143.393
883        141.075        144.283
884        141.075        142.769
885        141.075        142.119
886        141.075        141.924
887        140.763          141.8
888        140.763        141.651
889        140.763        141.074
890        140.763        140.917
891        140.763        140.843
892        140.763        141.021
893        140.763        140.912
894        140.763        140.994
895        140.763        140.945
896        140.763        141.491
897        140.763        141.154
898        140.763        143.149
899        140.763        141.293
900        140.763        141.694
901        140.763        140.884
902        140.763        141.019
903        140.763        141.045
904        140.763        141.556
905        140.763        141.272
906        140.763        145.168
907        140.763        144.339
908        140.763        142.201
909        140.763        144.123
910        140.763        147.562
911        140.763        150.497
912        140.763        147.954
913        140.763        142.893
914        140.763        141.544
915        140.763        143.848
916        139.067        149.034
917        139.067         145.29
918        139.067        141.938
919        139.067        140.492
920        139.067        139.921
921        139.067        140.377
922        139.067        139.988
923        139.067        143.115
924        136.318        141.945
925        136.318        148.305
926        136.318        146.883
927        136.318        153.552
928        136.318        146.141
929        136.318        153.327
930        136.318        149.443
931        136.318        154.064
932        136.318        152.913
933        136.318        152.951
934        136.318        145.083
935        136.318        143.938
936        136.318         143.96
937        136.318        142.321
938        136.318        143.682
939        136.318        145.516
940        134.622        147.603
941        134.622        148.937
942        134.622        141.683
943        134.622        135.959
944        134.622        137.348
945        134.622        137.046
946        133.577        138.976
947        133.577        140.004
948        133.577         137.23
949        130.968         136.98
950        130.968        135.406
951        130.968         133.13
952        130.968        132.392
953        130.968         131.99
954        130.968        132.059
955        130.968        132.158
956        130.968        131.734
957        130.968        131.917
958        130.968         131.48
959        130.968        131.423
960        130.968        131.398
961        130.968        131.281
962        130.968        131.605
963        130.968        131.494
964        130.864         131.68
965        130.149        132.166
966        129.088        140.176
967        129.088        136.952
968        129.088        149.569
969        123.893        148.763
970        123.893        146.577
971        123.893        132.099
972        123.893        126.621
973        122.155        126.404
974        122.155        129.155
975        122.155        132.274
976        122.155        138.732
977        122.155        153.209
978        122.155        157.749
979        122.155        155.959
980        122.155        145.879
981        122.155        151.965
982        122.155         152.07
983        122.155        163.108
984        122.155         156.12
985        122.155        150.268
986        122.155        163.184
987        122.155         143.13
988        122.155        147.216
989        122.155        156.318
990        122.155        145.917
991        122.155        145.655
992        122.155         148.67
993        122.155        150.241
994        122.155        152.945
995        122.155        149.072
996        122.155        136.348
997        122.155        143.327
998        122.155        144.513
999        122.155        154.383
1000        122.155        144.006
