           0           0           0
   0.0215443           0           0
   0.0430887           0           0
    0.064633           0           0
   0.0861774           0           0
    0.107722           0           0
    0.129266           0           0
     0.15081           0           0
    0.172355           0           0
    0.193899           0           0
    0.215443           0           0
    0.236988           0           0
    0.258532           0           0
    0.280077           0           0
    0.301621           0           0
    0.323165           0           0
     0.34471           0           0
    0.366254           0           0
    0.387798           0           0
    0.409343           0           0
    0.430887           0           0
    0.452431           0           0
    0.473976           0           0
     0.49552           0           0
    0.517064           0           0
    0.538609           0           0
    0.560153           0           0
    0.581697           0           0
    0.603242           0           0
    0.624786           0           0
     0.64633           0           0
    0.667875           0           0
    0.689419           0           0
    0.710963           0           0
    0.732508           0           0
    0.754052           0           0
    0.775596           0           0
    0.797141           0           0
    0.818685           0           0
     0.84023  9.4445e-06 9.42086e-06
    0.861774 0.000116791 3.61092e-05
    0.883318  0.00293476 0.000196001
    0.904863   0.0209831 0.000446406
    0.926407    0.103924  0.00104381
    0.947951    0.306045  0.00184962
    0.969496    0.631862  0.00306801
     0.99104     1.05318  0.00385294
     1.01258     1.45973   0.0050569
     1.03413     1.82485   0.0060213
     1.05567     2.07268  0.00691451
     1.07722     2.22039  0.00639724
     1.09876     2.27265  0.00602068
     1.12031     2.27897  0.00642799
     1.14185     2.24128  0.00695456
     1.16339     2.17447  0.00634052
     1.18494     2.09325  0.00585699
     1.20648     2.00477  0.00551777
     1.22803     1.91597  0.00503833
     1.24957     1.83516  0.00523015
     1.27112     1.75223  0.00473475
     1.29266     1.67642   0.0042763
     1.31421     1.61975  0.00403885
     1.33575     1.55271  0.00372565
     1.35729     1.49923  0.00402618
     1.37884     1.45027  0.00365308
     1.40038     1.40899  0.00364126
     1.42193     1.36599  0.00330963
     1.44347      1.3351  0.00353604
     1.46502     1.30105  0.00291678
     1.48656     1.27064  0.00285645
      1.5081     1.24909  0.00283758
     1.52965     1.22002  0.00281518
     1.55119     1.20615  0.00277023
     1.57274     1.18779  0.00288463
     1.59428     1.17551  0.00269465
     1.61583     1.15903  0.00247714
     1.63737     1.14409  0.00236842
     1.65891     1.13073  0.00248362
     1.68046      1.1176   0.0023393
       1.702     1.10996  0.00243082
     1.72355     1.10402   0.0023682
     1.74509     1.09873  0.00237876
     1.76664     1.09104  0.00240235
     1.78818     1.08419  0.00200595
     1.80973     1.07996  0.00217328
     1.83127     1.07174  0.00210775
     1.85281     1.06727  0.00215366
     1.87436      1.0668  0.00217943
      1.8959     1.06428  0.00195681
     1.91745     1.06395  0.00206119
     1.93899     1.06338   0.0021063
     1.96054     1.05937  0.00198473
     1.98208     1.05935  0.00207654
     2.00362     1.05943  0.00185091
     2.02517     1.05607  0.00202402
     2.04671     1.05802  0.00186785
     2.06826     1.05559  0.00188798
      2.0898     1.05354  0.00195432
     2.11135     1.05403  0.00172766
     2.13289     1.05404  0.00172284
     2.15443     1.04931  0.00200448
     2.17598     1.05347  0.00177517
     2.19752     1.04784  0.00173032
     2.21907     1.04753   0.0017054
     2.24061      1.0452  0.00166895
     2.26216     1.04201   0.0015111
      2.2837     1.03876  0.00156626
     2.30525     1.04073  0.00162291
     2.32679     1.03858  0.00159667
     2.34833      1.0368  0.00166407
     2.36988     1.03644  0.00163364
     2.39142     1.03108  0.00154982
     2.41297     1.02858  0.00157239
     2.43451     1.02886  0.00157983
     2.45606     1.02631  0.00147444
      2.4776     1.02653  0.00139646
     2.49914     1.02364  0.00159337
     2.52069     1.02359  0.00148458
     2.54223     1.01987  0.00138764
     2.56378     1.01893  0.00144967
     2.58532     1.01658  0.00134068
     2.60687     1.01581  0.00152278
     2.62841     1.01436   0.0014677
     2.64995     1.01571  0.00144489
      2.6715     1.01272  0.00136846
     2.69304     1.01315  0.00127544
     2.71459     1.01138   0.0014161
     2.73613     1.00893  0.00129892
     2.75768     1.00789  0.00130694
     2.77922      1.0091  0.00131502
     2.80077     1.00729  0.00130731
     2.82231     1.00405  0.00131009
     2.84385     1.00587  0.00123312
      2.8654     1.00737  0.00129236
     2.88694     1.00493  0.00125574
     2.90849     1.00283   0.0012681
     2.93003     1.00362  0.00133547
     2.95158     1.00054  0.00133398
     2.97312     1.00159  0.00129166
     2.99466     1.00027  0.00113563
     3.01621     1.00213  0.00118919
     3.03775     1.00046  0.00107182
      3.0593     1.00007  0.00114638
     3.08084     1.00066  0.00123192
     3.10239     0.99931  0.00101472
     3.12393    0.998918  0.00113453
     3.14547    0.998502  0.00115725
     3.16702    0.998708  0.00120081
     3.18856    0.996628  0.00112187
     3.21011    0.996807  0.00110427
     3.23165    0.997818  0.00122167
      3.2532    0.996271  0.00108875
     3.27474    0.996298  0.00111579
     3.29629    0.995414   0.0009731
     3.31783      0.9967  0.00113674
     3.33937    0.995705  0.00100751
     3.36092    0.994623 0.000945758
     3.38246    0.994116  0.00105427
     3.40401     0.99484 0.000961794
     3.42555    0.993736  0.00113334
      3.4471    0.992407  0.00100686
     3.46864    0.993341 0.000940189
     3.49018     0.99386  0.00115406
     3.51173    0.994974 0.000991985
     3.53327    0.991035 0.000988225
     3.55482    0.992049  0.00108623
     3.57636     0.99253 0.000942615
     3.59791    0.992818  0.00114534
     3.61945    0.991485 0.000995231
     3.64099    0.991576  0.00093439
     3.66254    0.991883  0.00104511
     3.68408    0.989648 0.000949522
     3.70563    0.991928 0.000962516
     3.72717    0.990415 0.000926744
     3.74872      0.9894 0.000895681
     3.77026    0.990534 0.000998585
     3.79181    0.992052  0.00103723
     3.81335    0.989967 0.000942488
     3.83489    0.988511 0.000927167
     3.85644    0.990647 0.000990704
     3.87798    0.989559  0.00097476
     3.89953    0.988328 0.000903641
     3.92107    0.988916 0.000817066
     3.94262    0.989901 0.000978245
     3.96416     0.98947 0.000877364
      3.9857    0.989836 0.000861629
     4.00725    0.988961 0.000955915
     4.02879    0.989982 0.000925461
     4.05034     0.98925 0.000883426
     4.07188     0.99055 0.000910675
     4.09343    0.987851 0.000904867
     4.11497    0.988503 0.000804121
     4.13651    0.987677 0.000865291
     4.15806    0.987922 0.000904151
      4.1796    0.988017 0.000837367
     4.20115    0.988976 0.000844078
     4.22269    0.988771 0.000849962
     4.24424    0.988302 0.000801775
     4.26578    0.987374 0.000784995
     4.28733    0.987729 0.000793609
     4.30887    0.989406 0.000799532
     4.33041    0.986989  0.00085556
     4.35196    0.987916 0.000763301
      4.3735    0.988892 0.000837083
     4.39505    0.987169 0.000818892
     4.41659    0.987343 0.000785738
     4.43814    0.988126 0.000800734
     4.45968    0.986763 0.000807068
     4.48122    0.988883 0.000809677
     4.50277    0.987817  0.00083268
     4.52431    0.985859 0.000740464
     4.54586    0.987984 0.000779737
      4.5674    0.987436 0.000679348
     4.58895    0.987716 0.000734152
     4.61049    0.987074 0.000752245
     4.63203    0.986787  0.00074741
     4.65358    0.988212 0.000775517
     4.67512    0.986466 0.000741469
     4.69667     0.98595 0.000754672
     4.71821    0.988242 0.000755517
     4.73976    0.987118 0.000716119
      4.7613    0.987587 0.000788702
     4.78285    0.985782 0.000743917
     4.80439    0.986782 0.000734937
     4.82593    0.986398 0.000730955
     4.84748    0.986612 0.000799916
     4.86902    0.985862 0.000701243
     4.89057    0.987975 0.000686934
     4.91211    0.988146 0.000731235
     4.93366    0.987644 0.000760714
      4.9552    0.986331 0.000694365
     4.97674    0.986966  0.00073974
     4.99829    0.986579 0.000756193
     5.01983     0.98601 0.000743075
     5.04138    0.986606  0.00070647
     5.06292    0.988424 0.000707431
     5.08447     0.98625 0.000773975
     5.10601    0.986772 0.000715187
     5.12755    0.985926 0.000647897
      5.1491    0.985579 0.000682547
     5.17064    0.987278 0.000676251
     5.19219    0.987041 0.000709658
     5.21373     0.98617 0.000709722
     5.23528     0.98652 0.000691616
     5.25682    0.985501  0.00060895
     5.27836    0.985768 0.000656724
     5.29991    0.985194  0.00062416
     5.32145    0.986088 0.000664912
       5.343    0.986978 0.000652365
     5.36454    0.986371 0.000628047
     5.38609    0.985652 0.000685878
     5.40763    0.987044 0.000614401
     5.42918    0.987247 0.000641449
     5.45072    0.986207 0.000682837
     5.47226    0.986361 0.000622813
     5.49381    0.986194 0.000648138
     5.51535    0.985671 0.000605702
      5.5369    0.985474 0.000616389
     5.55844     0.98531 0.000595056
     5.57999     0.98623 0.000640753
     5.60153    0.986212 0.000639651
     5.62307    0.986081 0.000597169
     5.64462    0.985532 0.000627904
     5.66616    0.985574 0.000662594
     5.68771     0.98623 0.000617322
     5.70925    0.986311 0.000647335
      5.7308    0.986052 0.000622401
     5.75234    0.986406 0.000594583
     5.77388    0.985993 0.000586959
     5.79543    0.985754 0.000666699
     5.81697    0.984591 0.000587841
     5.83852    0.986604 0.000553222
     5.86006    0.986046 0.000653834
     5.88161    0.986878 0.000541879
     5.90315    0.985039 0.000595103
      5.9247    0.985496 0.000625427
     5.94624    0.985709 0.000637423
     5.96778    0.985957 0.000592088
     5.98933    0.985581 0.000604128
     6.01087    0.985269 0.000597552
     6.03242    0.985736 0.000540317
     6.05396    0.986143 0.000643069
     6.07551    0.985689 0.000591928
     6.09705    0.985451 0.000587157
     6.11859    0.985933 0.000564965
     6.14014    0.987365  0.00058588
     6.16168    0.985725 0.000558293
     6.18323    0.985741 0.000536901
     6.20477    0.985516 0.000578809
     6.22632    0.986152 0.000576736
     6.24786     0.98536 0.000516139
      6.2694    0.985049 0.000610859
     6.29095    0.986075 0.000576648
     6.31249     0.98579 0.000548919
     6.33404    0.985821 0.000549141
     6.35558    0.985894 0.000571755
     6.37713    0.985469 0.000532601
     6.39867    0.986273 0.000561279
     6.42022    0.984667 0.000542876
     6.44176    0.985329 0.000597519
