#     BLOCK:   ACTUAL_P:     P_AVE:       ERROR:
           1   0.0489191   0.0489191           0
           2   0.0492116   0.0490653 0.000103413
           3   0.0488496   0.0489934  9.0562e-05
           4   0.0484438    0.048856 0.000137023
           5   0.0494361    0.048972 0.000150943
           6   0.0486117    0.048912 0.000137213
           7   0.0495286       0.049 0.000143122
           8   0.0491614   0.0490202 0.000126645
           9   0.0490425   0.0490227 0.000112598
          10   0.0482525   0.0489457 0.000124932
          11   0.0490583   0.0489559 0.000113993
          12   0.0488086   0.0489436 0.000105153
          13   0.0491807   0.0489619 9.86325e-05
          14   0.0481922   0.0489069 0.000105805
          15   0.0495919   0.0489526 0.000108159
          16   0.0485124   0.0489251 0.000104839
          17   0.0489896   0.0489289 9.87407e-05
          18   0.0496291   0.0489678 0.000100628
          19   0.0486367   0.0489503 9.68278e-05
          20   0.0492006   0.0489628 9.27913e-05
          21   0.0489349   0.0489615 8.83822e-05
          22     0.04851    0.048941 8.67151e-05
          23   0.0491329   0.0489493 8.33454e-05
          24    0.049597   0.0489763 8.41282e-05
          25    0.049359   0.0489916 8.21437e-05
          26   0.0487929    0.048984 7.93393e-05
          27   0.0492953   0.0489955  7.7234e-05
          28   0.0491658   0.0490016 7.47148e-05
          29   0.0489058   0.0489983 7.22114e-05
          30   0.0487305   0.0489894  7.0354e-05
          31   0.0494439    0.049004 6.95953e-05
          32   0.0486148   0.0489919  6.8475e-05
          33   0.0488346   0.0489871 6.65656e-05
          34   0.0484908   0.0489725 6.61891e-05
          35   0.0497718   0.0489953 6.81243e-05
          36   0.0491773   0.0490004 6.64192e-05
          37   0.0490641   0.0490021 6.46464e-05
          38   0.0494935    0.049015 6.42256e-05
          39   0.0489939   0.0490145 6.25811e-05
          40   0.0494438   0.0490252 6.19301e-05
          41   0.0488093     0.04902 6.06431e-05
          42   0.0490274   0.0490201 5.91995e-05
          43   0.0496716   0.0490353   5.973e-05
          44   0.0493093   0.0490415 5.86963e-05
          45   0.0487517   0.0490351 5.77442e-05
          46   0.0496042   0.0490475 5.77991e-05
          47   0.0495253   0.0490576 5.74565e-05
          48   0.0490388   0.0490572 5.62608e-05
          49    0.049243    0.049061 5.52402e-05
          50   0.0488337   0.0490565 5.43222e-05
          51   0.0485595   0.0490467  5.4124e-05
          52   0.0489031    0.049044 5.31536e-05
          53   0.0492251   0.0490474 5.22605e-05
          54   0.0489712    0.049046 5.13117e-05
          55    0.048398   0.0490342 5.17138e-05
          56   0.0482502   0.0490202 5.26512e-05
          57   0.0490413   0.0490206 5.17288e-05
          58   0.0486333   0.0490139 5.12659e-05
          59   0.0492162   0.0490173 5.05115e-05
          60   0.0491613   0.0490197 4.97266e-05
          61   0.0491547   0.0490219 4.89607e-05
          62   0.0494318   0.0490285 4.86153e-05
          63   0.0484427   0.0490192 4.87248e-05
          64   0.0489993   0.0490189 4.79645e-05
          65   0.0489691   0.0490182 4.72327e-05
          66   0.0495465   0.0490262 4.71906e-05
          67   0.0486316   0.0490203 4.68523e-05
          68   0.0488981   0.0490185 4.61978e-05
          69   0.0492168   0.0490214 4.56176e-05
          70   0.0496126   0.0490298 4.57412e-05
          71   0.0490974   0.0490308 4.51069e-05
          72   0.0495528    0.049038 4.50595e-05
          73   0.0491118    0.049039 4.44536e-05
          74   0.0486718   0.0490341 4.41289e-05
          75   0.0489011   0.0490323 4.35762e-05
          76   0.0492501   0.0490352 4.30969e-05
          77   0.0493248   0.0490389 4.27011e-05
          78     0.04975    0.049048 4.31158e-05
          79   0.0493856   0.0490523 4.27813e-05
          80   0.0487591   0.0490486 4.24033e-05
          81   0.0488654   0.0490464 4.19401e-05
          82   0.0483233   0.0490376 4.23455e-05
          83   0.0492587   0.0490402 4.19191e-05
          84   0.0494937   0.0490456 4.17662e-05
          85   0.0492846   0.0490484 4.13694e-05
          86   0.0491561   0.0490497 4.09073e-05
          87   0.0485667   0.0490441 4.08121e-05
          88   0.0490291    0.049044 4.03487e-05
          89   0.0487704   0.0490409 4.00123e-05
          90   0.0490256   0.0490407  3.9568e-05
          91   0.0494377   0.0490451  3.9373e-05
          92   0.0495525   0.0490506 3.93295e-05
          93   0.0488083    0.049048 3.89928e-05
          94   0.0493823   0.0490515 3.87398e-05
          95   0.0493972   0.0490552 3.85025e-05
          96   0.0490806   0.0490555 3.81024e-05
          97   0.0487673   0.0490525 3.78252e-05
          98   0.0491373   0.0490533 3.74491e-05
          99   0.0489172    0.049052 3.70961e-05
         100   0.0489641   0.0490511 3.67356e-05
         101   0.0485406    0.049046  3.6718e-05
         102   0.0490056   0.0490456 3.63601e-05
         103   0.0489758    0.049045 3.60134e-05
         104   0.0491478    0.049046 3.56807e-05
         105   0.0486222   0.0490419 3.55684e-05
         106   0.0490253   0.0490418 3.52332e-05
         107   0.0491363   0.0490426  3.4915e-05
         108   0.0493836   0.0490458 3.47341e-05
         109    0.049384   0.0490489 3.45538e-05
         110   0.0493904    0.049052 3.43788e-05
         111   0.0492635   0.0490539 3.41219e-05
         112   0.0493361   0.0490564 3.39101e-05
         113   0.0492454   0.0490581 3.36512e-05
         114   0.0481097   0.0490498  3.4369e-05
         115   0.0490584   0.0490499 3.40702e-05
         116   0.0490031   0.0490495 3.37789e-05
         117    0.048909   0.0490483 3.35115e-05
         118   0.0491046   0.0490487 3.32309e-05
         119   0.0486189   0.0490451 3.31474e-05
         120   0.0483724   0.0490395 3.33419e-05
         121   0.0481776   0.0490324 3.38186e-05
         122   0.0487319   0.0490299  3.3631e-05
         123   0.0485535   0.0490261 3.35799e-05
         124   0.0492829   0.0490281 3.33729e-05
         125   0.0490197   0.0490281  3.3106e-05
         126   0.0489397   0.0490274 3.28506e-05
         127   0.0488791   0.0490262 3.26127e-05
         128    0.049247   0.0490279 3.24035e-05
         129   0.0488177   0.0490263 3.21933e-05
         130   0.0492517    0.049028 3.19923e-05
         131   0.0490696   0.0490283 3.17496e-05
         132   0.0495527   0.0490323 3.17567e-05
         133   0.0488018   0.0490306 3.15652e-05
         134   0.0486461   0.0490277 3.14597e-05
         135   0.0491336   0.0490285 3.12365e-05
         136   0.0486851    0.049026 3.11087e-05
         137   0.0488414   0.0490246 3.09108e-05
         138   0.0499187   0.0490311 3.13584e-05
         139   0.0487336    0.049029 3.12058e-05
         140   0.0491148   0.0490296 3.09889e-05
         141   0.0488413   0.0490282 3.07979e-05
         142   0.0489729   0.0490278 3.05835e-05
         143   0.0485806   0.0490247 3.05291e-05
         144   0.0493697   0.0490271 3.04109e-05
         145   0.0487386   0.0490251 3.02662e-05
         146   0.0491989   0.0490263 3.00822e-05
         147   0.0490509   0.0490265 2.98781e-05
         148   0.0490534   0.0490267 2.96767e-05
         149   0.0492541   0.0490282 2.95168e-05
         150   0.0490278   0.0490282   2.932e-05
         151   0.0487656   0.0490264 2.91773e-05
         152   0.0491493   0.0490273 2.89966e-05
         153   0.0485703   0.0490243 2.89604e-05
         154   0.0487925   0.0490228 2.88115e-05
         155   0.0490149   0.0490227 2.86256e-05
         156   0.0492394   0.0490241 2.84758e-05
         157   0.0492228   0.0490254 2.83226e-05
         158   0.0485571   0.0490224  2.8298e-05
         159   0.0498174   0.0490274 2.85583e-05
         160   0.0494116   0.0490298 2.84806e-05
         161   0.0487689   0.0490282 2.83497e-05
         162   0.0492542   0.0490296  2.8209e-05
         163   0.0488836   0.0490287 2.80502e-05
         164   0.0488603   0.0490277 2.78979e-05
         165   0.0490172   0.0490276 2.77289e-05
         166   0.0495041   0.0490305 2.77101e-05
         167    0.048976   0.0490301 2.75461e-05
         168   0.0491321   0.0490307 2.73888e-05
         169   0.0487095   0.0490288 2.72926e-05
         170   0.0488262   0.0490277 2.71581e-05
         171   0.0486347   0.0490254 2.70963e-05
         172   0.0485751   0.0490227 2.70649e-05
         173   0.0487992   0.0490214 2.69393e-05
         174   0.0495417   0.0490244 2.69499e-05
         175   0.0488502   0.0490234 2.68143e-05
         176   0.0492371   0.0490247 2.66894e-05
         177   0.0490599   0.0490249 2.65394e-05
         178     0.04868   0.0490229 2.64609e-05
         179    0.048652   0.0490208 2.63941e-05
         180    0.048846   0.0490199 2.62653e-05
         181    0.048025   0.0490144 2.66891e-05
         182   0.0491918   0.0490154 2.65602e-05
         183   0.0493727   0.0490173 2.64868e-05
         184   0.0486689   0.0490154 2.64104e-05
         185   0.0490229   0.0490155 2.62677e-05
         186   0.0489504   0.0490151 2.61288e-05
         187    0.048552   0.0490126 2.61061e-05
         188   0.0487974   0.0490115 2.59924e-05
         189   0.0490171   0.0490115 2.58549e-05
         190   0.0483847   0.0490082 2.59284e-05
         191   0.0496492   0.0490116  2.6009e-05
         192   0.0486159   0.0490095  2.5955e-05
         193   0.0491594   0.0490103 2.58322e-05
         194   0.0490036   0.0490102  2.5699e-05
         195   0.0488363   0.0490094 2.55827e-05
         196   0.0489594   0.0490091 2.54535e-05
         197    0.048842   0.0490083 2.53384e-05
         198   0.0491639    0.049009 2.52226e-05
         199    0.049217   0.0490101 2.51175e-05
         200   0.0493418   0.0490117 2.50466e-05
