#   BLOCK:  TEMPERATURE:
           0        1.54
           0     1.53986
           0     1.53943
           0     1.53871
           0     1.53771
           0     1.53642
           0     1.53485
           0     1.53299
           0     1.53085
           0     1.52844
           0     1.52574
           0     1.52276
           0     1.51951
           0     1.51598
           0     1.51217
           0      1.5081
           0     1.50375
           0     1.49912
           0     1.49423
           0     1.48907
           0     1.48364
           0     1.47794
           0     1.47198
           0     1.46575
           0     1.45926
           0     1.45251
           0     1.44549
           0     1.43821
           0     1.43067
           0     1.42288
           0     1.41482
           0     1.40652
           0     1.39796
           0     1.38915
           0     1.38009
           0     1.37078
           0     1.36123
           0     1.35144
           0     1.34141
           0     1.33114
           0     1.32064
           0     1.30991
           0     1.29896
           0     1.28778
           0     1.27639
           0     1.26479
           0     1.25298
           0     1.24097
           0     1.22876
           0     1.21636
           0     1.20377
           0     1.19101
           0     1.17807
           0     1.16496
           0      1.1517
           0     1.13828
           0     1.12472
           0     1.11103
           0      1.0972
           0     1.08326
           0     1.06921
           0     1.05506
           0     1.04081
           0     1.02649
           0     1.01209
           0    0.997637
           0    0.983131
           0    0.968587
           0    0.954017
           0    0.939432
           0    0.924843
           0    0.910264
           0    0.895706
           0    0.881182
           0    0.866704
           0    0.852285
           0    0.837938
           0    0.823675
           0    0.809509
           0    0.795453
           0     0.78152
           0    0.767723
           0    0.754075
           0    0.740587
           0    0.727272
           0    0.714144
           0    0.701213
           0    0.688491
           0     0.67599
           0    0.663722
           0    0.651694
           0    0.639919
           0    0.628405
           0    0.617162
           0    0.606199
           0    0.595523
           0    0.585143
           0    0.575066
           0    0.565298
           0    0.555847
           0    0.546717
           0    0.537914
           0    0.529441
           0    0.521303
           0    0.513503
           0    0.506043
           0    0.498926
           0    0.492152
           0    0.485722
           0    0.479637
           0    0.473897
           0    0.468499
           0    0.463443
           0    0.458728
           0    0.454351
           0    0.450308
           0    0.446596
           0    0.443212
           0     0.44015
           0    0.437407
           0    0.434976
           0    0.432854
           0    0.431033
           0    0.429509
           0    0.428273
           0    0.427319
           0     0.42664
           0     0.42623
           0    0.426079
           0    0.426181
           0    0.426526
           0    0.427109
           0    0.427919
           0    0.428949
           0    0.430191
           0    0.431636
           0    0.433275
           0    0.435099
           0      0.4371
           0     0.43927
           0    0.441599
           0    0.444079
           0    0.446702
           0    0.449459
           0    0.452341
           0     0.45534
           0    0.458447
           0    0.461655
           0    0.464955
           0    0.468338
           0    0.471799
           0    0.475328
           0    0.478918
           0    0.482562
           0    0.486253
           0    0.489983
           0    0.493747
           0    0.497538
           0    0.501348
           0    0.505171
           0    0.509002
           0    0.512834
           0    0.516663
           0    0.520484
           0     0.52429
           0    0.528079
           0    0.531843
           0    0.535579
           0    0.539283
           0    0.542951
           0    0.546579
           0    0.550163
           0    0.553701
           0    0.557188
           0    0.560623
           0    0.564002
           0    0.567322
           0    0.570583
           0    0.573781
           0    0.576915
           0    0.579983
           0    0.582984
           0    0.585917
           0     0.58878
           0    0.591573
           0    0.594295
           0    0.596947
           0    0.599527
           0    0.602035
           0    0.604471
           0    0.606835
           0    0.609127
           0    0.611348
           0    0.613499
           0     0.61558
           0    0.617592
           0    0.619536
           0    0.621412
           0    0.623223
           0    0.624969
           0    0.626653
           0    0.628275
           0    0.629836
           0    0.631338
           0    0.632783
           0    0.634172
           0    0.635506
           0    0.636789
           0    0.638022
           0    0.639206
           0    0.640345
           0    0.641439
           0     0.64249
           0    0.643502
           0    0.644475
           0    0.645411
           0    0.646314
           0    0.647184
           0    0.648024
           0    0.648836
           0    0.649622
           0    0.650384
           0    0.651124
           0    0.651844
           0    0.652545
           0    0.653229
           0    0.653898
           0    0.654553
           0    0.655197
           0    0.655832
           0    0.656458
           0    0.657077
           0    0.657691
           0    0.658302
           0    0.658911
           0    0.659518
           0    0.660127
           0    0.660737
           0     0.66135
           0    0.661967
           0    0.662591
           0    0.663222
           0     0.66386
           0    0.664509
           0    0.665168
           0    0.665838
           0    0.666519
           0    0.667213
           0    0.667922
           0    0.668646
           0    0.669385
           0    0.670141
           0    0.670914
           0    0.671705
           0    0.672514
           0    0.673343
           0    0.674192
           0    0.675062
           0    0.675952
           0    0.676864
           0    0.677798
           0    0.678754
           0    0.679734
           0    0.680738
           0    0.681768
           0    0.682822
           0    0.683902
           0    0.685006
           0    0.686134
           0    0.687287
           0    0.688466
           0     0.68967
           0    0.690899
           0    0.692154
           0    0.693434
           0    0.694738
           0    0.696068
           0    0.697424
           0    0.698804
           0     0.70021
           0    0.701639
           0    0.703092
           0    0.704568
           0    0.706066
           0    0.707586
           0    0.709127
           0    0.710689
           0    0.712271
           0    0.713872
           0    0.715492
           0     0.71713
           0    0.718786
           0    0.720459
           0    0.722147
           0    0.723849
           0    0.725564
           0    0.727292
           0    0.729032
           0    0.730781
           0     0.73254
           0    0.734307
           0    0.736081
           0    0.737861
           0    0.739648
           0    0.741437
           0    0.743229
           0    0.745023
           0    0.746817
           0    0.748611
           0    0.750405
           0    0.752195
           0    0.753982
           0    0.755763
           0    0.757539
           0    0.759307
           0    0.761067
           0    0.762818
           0     0.76456
           0    0.766289
           0    0.768007
           0    0.769712
           0    0.771404
           0    0.773079
           0    0.774738
           0    0.776381
           0    0.778005
           0     0.77961
           0    0.781195
           0    0.782759
           0    0.784301
           0     0.78582
           0    0.787314
           0    0.788784
           0    0.790228
           0    0.791645
           0    0.793035
           0    0.794397
           0     0.79573
           0    0.797035
           0     0.79831
           0    0.799554
           0    0.800765
           0    0.801945
           0    0.803092
           0    0.804207
           0    0.805287
           0    0.806333
           0    0.807345
           0    0.808322
           0    0.809264
           0    0.810171
           0    0.811043
           0    0.811877
           0    0.812676
           0    0.813438
           0    0.814163
           0    0.814851
           0    0.815502
           0    0.816117
           0    0.816694
           0    0.817234
           0    0.817737
           0    0.818204
           0    0.818633
           0    0.819026
           0    0.819383
           0    0.819703
           0    0.819987
           0    0.820235
           0     0.82045
           0    0.820629
           0    0.820773
           0    0.820883
           0     0.82096
           0    0.821004
           0    0.821015
           0    0.820995
           0    0.820943
           0     0.82086
           0    0.820745
           0    0.820599
           0    0.820424
           0    0.820219
           0    0.819985
           0    0.819722
           0    0.819431
           0    0.819113
           0    0.818767
           0    0.818394
           0    0.817994
           0    0.817568
           0    0.817115
           0    0.816636
           0    0.816133
           0    0.815606
           0    0.815053
           0    0.814478
           0    0.813879
           0    0.813257
           0    0.812613
           0    0.811947
           0    0.811259
           0    0.810551
           0    0.809821
           0     0.80907
           0    0.808299
           0    0.807508
           0    0.806697
           0    0.805867
           0    0.805018
           0    0.804152
           0    0.803269
           0    0.802369
           0    0.801452
           0    0.800518
           0    0.799568
           0    0.798602
           0     0.79762
           0    0.796624
           0    0.795613
           0    0.794587
           0    0.793546
           0    0.792492
           0    0.791423
           0    0.790342
           0    0.789247
           0    0.788139
           0     0.78702
           0     0.78589
           0    0.784751
           0    0.783602
           0    0.782443
           0    0.781275
           0    0.780099
           0    0.778914
           0    0.777721
           0    0.776522
           0    0.775317
           0    0.774107
           0    0.772893
           0    0.771675
           0    0.770454
           0     0.76923
           0    0.768004
           0    0.766776
           0    0.765548
           0    0.764321
           0    0.763096
           0    0.761874
           0    0.760655
           0     0.75944
           0     0.75823
           0    0.757027
           0     0.75583
           0    0.754641
           0    0.753461
           0     0.75229
           0    0.751129
           0     0.74998
           0    0.748844
           0    0.747723
           0    0.746617
           0    0.745525
           0    0.744449
           0    0.743389
           0    0.742347
           0    0.741324
           0    0.740321
           0    0.739339
           0     0.73838
           0    0.737442
           0    0.736527
           0    0.735636
           0    0.734769
           0    0.733926
           0    0.733109
           0    0.732318
           0    0.731555
           0    0.730819
           0    0.730112
           0    0.729434
           0    0.728785
           0    0.728166
           0    0.727579
           0    0.727022
           0    0.726496
           0    0.726001
           0    0.725537
           0    0.725106
           0    0.724707
           0     0.72434
           0    0.724006
           0    0.723705
           0    0.723437
           0    0.723204
           0    0.723005
           0     0.72284
           0     0.72271
           0    0.722614
           0    0.722554
           0    0.722529
           0    0.722539
           0    0.722585
           0    0.722665
           0    0.722781
           0    0.722932
           0     0.72312
           0    0.723344
           0    0.723604
           0      0.7239
           0    0.724233
           0    0.724603
           0    0.725011
           0    0.725456
           0    0.725939
           0    0.726458
           0    0.727015
           0     0.72761
           0    0.728243
           0    0.728911
           0    0.729616
           0    0.730357
           0    0.731133
           0    0.731945
           0    0.732792
           0    0.733673
           0     0.73459
           0    0.735541
           0    0.736526
           0    0.737544
           0    0.738594
           0    0.739676
           0     0.74079
           0    0.741934
           0    0.743108
           0    0.744311
           0     0.74554
           0    0.746795
           0    0.748075
           0    0.749377
           0    0.750702
           0    0.752047
           0    0.753411
           0    0.754792
           0     0.75619
           0    0.757603
           0     0.75903
           0    0.760468
           0    0.761916
           0     0.76337
           0     0.76483
           0    0.766294
           0     0.76776
           0    0.769225
           0     0.77069
           0     0.77215
           0    0.773606
           0    0.775056
           0    0.776497
           0    0.777927
           0    0.779345
           0    0.780749
           0    0.782139
           0    0.783511
           0    0.784863
           0    0.786196
           0    0.787506
           0    0.788794
           0    0.790059
           0    0.791298
           0    0.792511
           0    0.793697
           0    0.794856
           0    0.795986
           0    0.797086
           0    0.798157
           0    0.799196
           0    0.800205
           0    0.801182
           0    0.802128
           0    0.803043
           0    0.803925
           0    0.804775
           0    0.805594
           0    0.806383
           0    0.807142
           0    0.807871
           0    0.808569
           0    0.809237
           0    0.809875
           0    0.810485
           0    0.811067
           0    0.811623
           0    0.812152
           0    0.812656
           0    0.813136
           0    0.813593
           0    0.814028
           0    0.814442
           0    0.814836
           0    0.815212
           0     0.81557
           0    0.815912
           0    0.816238
           0     0.81655
           0     0.81685
           0    0.817138
           0    0.817415
           0    0.817683
           0    0.817942
           0    0.818192
           0    0.818436
           0    0.818673
           0    0.818906
           0    0.819135
           0    0.819361
           0    0.819586
           0     0.81981
           0    0.820035
           0    0.820259
           0    0.820485
           0    0.820714
           0    0.820945
           0    0.821179
           0    0.821418
           0    0.821663
           0    0.821913
           0    0.822171
           0    0.822436
           0    0.822708
           0     0.82299
           0    0.823279
           0    0.823578
           0    0.823887
           0    0.824206
           0    0.824537
           0    0.824878
           0     0.82523
           0    0.825593
           0    0.825969
           0    0.826356
           0    0.826754
           0    0.827166
           0    0.827589
           0    0.828025
           0    0.828473
           0    0.828935
           0    0.829408
           0    0.829894
           0    0.830392
           0    0.830902
           0    0.831422
           0    0.831954
           0    0.832496
           0    0.833048
           0    0.833609
           0     0.83418
           0    0.834758
           0    0.835345
           0    0.835941
           0    0.836544
           0    0.837153
           0    0.837767
           0    0.838384
           0    0.839004
           0    0.839626
           0     0.84025
           0    0.840874
           0    0.841499
           0    0.842121
           0     0.84274
           0    0.843356
           0    0.843967
           0    0.844572
           0     0.84517
           0    0.845759
           0    0.846339
           0    0.846909
           0    0.847469
           0    0.848016
           0    0.848549
           0    0.849068
           0     0.84957
           0    0.850056
           0    0.850525
           0    0.850976
           0    0.851408
           0     0.85182
           0    0.852211
           0    0.852581
           0    0.852928
           0    0.853252
           0    0.853554
           0    0.853832
           0    0.854085
           0    0.854313
           0    0.854516
           0    0.854694
           0    0.854845
           0    0.854969
           0    0.855066
           0    0.855135
           0    0.855176
           0    0.855188
           0    0.855174
           0    0.855133
           0    0.855063
           0    0.854965
           0     0.85484
           0    0.854686
           0    0.854504
           0    0.854294
           0    0.854056
           0    0.853791
           0    0.853499
           0    0.853179
           0    0.852833
           0     0.85246
           0    0.852062
           0    0.851638
           0    0.851187
           0    0.850713
           0    0.850214
           0     0.84969
           0    0.849142
           0     0.84857
           0    0.847977
           0    0.847361
           0    0.846724
           0    0.846065
           0    0.845384
           0    0.844683
           0    0.843962
           0    0.843221
           0    0.842461
           0    0.841683
           0    0.840886
           0    0.840073
           0    0.839244
           0      0.8384
           0     0.83754
           0    0.836666
           0    0.835778
           0    0.834877
           0    0.833962
           0    0.833037
           0    0.832101
           0    0.831155
           0    0.830201
           0     0.82924
           0    0.828272
           0    0.827301
           0    0.826326
           0    0.825348
           0    0.824369
           0     0.82339
           0    0.822411
           0    0.821434
           0    0.820459
           0    0.819489
           0    0.818525
           0    0.817568
           0    0.816619
           0     0.81568
           0    0.814751
           0    0.813833
           0    0.812929
           0    0.812038
           0    0.811164
           0    0.810306
           0    0.809466
           0    0.808645
           0    0.807845
           0    0.807066
           0    0.806311
           0    0.805579
           0    0.804872
           0     0.80419
           0    0.803533
           0    0.802903
           0    0.802302
           0    0.801728
           0    0.801183
           0    0.800667
           0    0.800181
           0    0.799726
           0    0.799302
           0    0.798908
           0    0.798544
           0    0.798211
           0    0.797909
           0    0.797637
           0    0.797394
           0     0.79718
           0    0.796997
           0    0.796843
           0    0.796718
           0    0.796622
           0    0.796553
           0    0.796511
           0    0.796495
           0    0.796506
           0    0.796542
           0    0.796603
           0    0.796688
           0    0.796795
           0    0.796924
           0    0.797075
           0    0.797247
           0    0.797441
           0    0.797654
           0    0.797887
           0    0.798139
           0    0.798408
           0    0.798694
           0    0.798997
           0    0.799316
           0     0.79965
           0    0.800001
           0    0.800367
           0    0.800748
           0    0.801143
           0    0.801552
           0    0.801973
           0    0.802407
           0    0.802854
           0    0.803312
           0    0.803783
           0    0.804266
           0    0.804759
           0    0.805263
           0    0.805776
           0      0.8063
           0    0.806832
           0    0.807373
           0    0.807923
           0     0.80848
           0    0.809045
           0    0.809617
           0    0.810195
           0    0.810778
           0    0.811367
           0     0.81196
           0    0.812556
           0    0.813155
           0    0.813755
           0    0.814355
           0    0.814957
           0    0.815558
           0    0.816157
           0    0.816755
           0    0.817349
           0    0.817938
           0    0.818523
           0    0.819103
           0    0.819677
           0    0.820243
           0      0.8208
           0    0.821346
           0    0.821879
           0    0.822399
           0    0.822906
           0    0.823397
           0    0.823871
           0    0.824328
           0    0.824765
           0    0.825182
           0    0.825577
           0    0.825948
           0    0.826295
           0    0.826618
           0    0.826915
           0    0.827183
           0    0.827422
           0    0.827632
           0     0.82781
           0    0.827956
           0    0.828069
           0    0.828148
           0    0.828192
           0      0.8282
           0     0.82817
           0    0.828103
           0    0.827998
           0    0.827854
           0    0.827671
           0    0.827449
           0    0.827188
           0    0.826888
           0    0.826548
           0    0.826169
           0     0.82575
           0    0.825291
           0    0.824793
           0    0.824255
           0    0.823679
           0    0.823064
           0    0.822412
           0    0.821724
           0       0.821
           0    0.820243
           0    0.819453
           0    0.818631
           0    0.817779
           0    0.816898
           0    0.815989
           0    0.815054
           0    0.814096
           0    0.813115
           0    0.812113
           0    0.811093
           0    0.810056
           0    0.809005
           0    0.807942
           0    0.806869
           0    0.805788
           0    0.804702
           0    0.803612
           0    0.802522
           0    0.801433
           0    0.800348
           0     0.79927
           0      0.7982
           0    0.797141
           0    0.796096
           0    0.795067
           0    0.794058
           0    0.793068
           0    0.792102
           0     0.79116
           0    0.790246
           0    0.789359
           0    0.788504
           0    0.787682
           0    0.786895
           0    0.786145
           0    0.785434
           0    0.784761
           0    0.784129
           0    0.783539
           0    0.782992
           0    0.782489
           0    0.782033
           0    0.781621
           0    0.781256
           0    0.780938
           0    0.780667
           0    0.780445
           0    0.780271
           0    0.780145
           0    0.780067
           0    0.780036
           0     0.78005
           0    0.780111
           0    0.780216
           0    0.780366
           0     0.78056
           0    0.780795
           0    0.781071
           0    0.781386
           0    0.781739
           0    0.782129
           0    0.782553
           0     0.78301
           0    0.783498
           0    0.784015
           0    0.784559
           0    0.785128
           0     0.78572
           0    0.786333
           0    0.786965
           0    0.787611
           0    0.788272
           0    0.788945
           0    0.789627
           0    0.790314
           0    0.791004
           0    0.791694
           0    0.792383
           0    0.793067
           0    0.793744
           0    0.794411
           0    0.795064
           0    0.795703
           0    0.796325
           0    0.796926
           0    0.797504
           0    0.798057
           0    0.798582
           0    0.799077
           0     0.79954
           0    0.799968
           0    0.800361
           0    0.800716
           0     0.80103
           0    0.801301
           0    0.801528
           0    0.801709
           0    0.801843
           0    0.801928
           0    0.801963
           0    0.801947
           0    0.801878
           0    0.801757
           0    0.801582
           0    0.801353
           0     0.80107
           0    0.800732
           0     0.80034
           0    0.799891
           0    0.799387
           0    0.798829
           0    0.798218
           0    0.797554
           0    0.796838
           0    0.796071
           0    0.795253
           0    0.794386
           0    0.793472
           0    0.792512
           0    0.791507
           0    0.790461
           0    0.789375
           0    0.788251
           0    0.787091
           0    0.785899
           0    0.784677
           0    0.783428
           0    0.782155
           0    0.780859
           0    0.779546
           0     0.77822
           0    0.776881
           0    0.775536
           0    0.774185
           0    0.772833
           0    0.771485
           0    0.770143
           0    0.768812
           0    0.767495
           0    0.766196
           0    0.764918
           0    0.763665
           0    0.762442
           0    0.761252
           0    0.760098
           0    0.758984
           0    0.757913
           0    0.756888
           0    0.755914
           0    0.754994
           0    0.754129
           0    0.753324
           0    0.752582
           0    0.751903
           0    0.751293
           0    0.750754
           0    0.750286
           0    0.749891
           0     0.74957
           0    0.749326
           0    0.749158
           0     0.74907
           0     0.74906
           0    0.749131
           0    0.749282
           0    0.749513
           0    0.749824
           0    0.750215
           0    0.750686
           0    0.751236
           0    0.751863
           0    0.752567
           0    0.753347
           0      0.7542
           0    0.755125
           0    0.756122
           0    0.757188
           0    0.758321
           0    0.759519
           0     0.76078
           0    0.762101
           0     0.76348
           0    0.764915
           0    0.766402
           0    0.767939
           0    0.769523
           0    0.771152
           0    0.772823
           0    0.774534
           0    0.776281
           0    0.778061
           0    0.779871
           0    0.781711
           0    0.783575
           0    0.785461
           0    0.787366
           0    0.789285
           0    0.791218
           0    0.793162
           0    0.795112
           0    0.797066
           0    0.799022
           0    0.800977
           0    0.802928
           0    0.804872
           0    0.806806
           0    0.808727
           0    0.810634
           0    0.812523
           0     0.81439
           0    0.816235
           0    0.818053
           0    0.819842
           0    0.821599
           0    0.823322
           0    0.825011
           0    0.826662
           0    0.828272
           0    0.829841
           0    0.831365
           0    0.832843
           0    0.834271
           0    0.835649
           0    0.836974
           0    0.838244
           0    0.839458
           0    0.840614
           0    0.841711
           0    0.842747
           0    0.843722
           0    0.844634
           0    0.845482
           0    0.846265
           0    0.846982
           0    0.847632
           0    0.848213
           0    0.848725
           0    0.849168
           0    0.849541
           0    0.849844
           0    0.850078
           0    0.850242
           0    0.850336
           0    0.850359
           0    0.850312
           0    0.850196
           0     0.85001
           0    0.849754
           0    0.849429
           0    0.849035
           0    0.848572
           0    0.848042
           0    0.847445
           0    0.846782
           0    0.846053
           0     0.84526
           0    0.844405
           0    0.843488
           0     0.84251
           0    0.841473
           0     0.84038
           0     0.83923
           0    0.838027
           0    0.836772
           0    0.835466
           0    0.834109
           0    0.832704
           0    0.831251
           0    0.829753
           0    0.828211
           0    0.826627
           0    0.825003
           0    0.823341
           0    0.821644
           0    0.819913
           0    0.818153
           0    0.816363
           0    0.814547
           0    0.812706
           0    0.810842
           0    0.808957
           0    0.807053
           0    0.805133
           0      0.8032
           0    0.801255
           0    0.799301
           0     0.79734
           0    0.795374
           0    0.793407
           0    0.791439
           0    0.789476
           0    0.787518
           0    0.785569
           0    0.783629
           0    0.781702
           0    0.779789
           0    0.777895
           0    0.776019
           0    0.774166
           0    0.772338
           0    0.770537
           0    0.768765
           0    0.767026
           0     0.76532
           0    0.763651
           0    0.762021
           0    0.760433
           0    0.758889
           0    0.757392
           0    0.755944
           0    0.754546
           0    0.753201
           0    0.751911
           0    0.750679
           0    0.749505
           0    0.748394
           0    0.747346
           0    0.746364
           0     0.74545
           0    0.744605
           0    0.743833
           0    0.743136
           0    0.742514
           0    0.741968
           0    0.741501
           0    0.741114
           0    0.740808
           0    0.740584
           0    0.740444
           0    0.740388
           0    0.740417
           0    0.740532
           0    0.740732
           0     0.74102
           0    0.741394
           0    0.741854
           0    0.742401
           0    0.743034
           0    0.743752
           0    0.744555
           0    0.745441
           0    0.746411
           0    0.747464
           0    0.748598
           0    0.749811
           0    0.751102
           0    0.752469
           0    0.753909
           0    0.755421
           0    0.757005
           0    0.758655
           0     0.76037
           0    0.762148
           0    0.763984
           0    0.765877
           0    0.767823
           0     0.76982
           0    0.771865
           0    0.773954
           0    0.776084
           0    0.778253
           0    0.780457
           0    0.782692
           0    0.784957
           0    0.787246
           0    0.789558
           0    0.791889
           0    0.794238
           0    0.796602
           0    0.798975
           0    0.801356
           0    0.803741
           0    0.806129
           0    0.808515
           0    0.810896
           0     0.81327
           0    0.815634
           0    0.817986
           0    0.820323
           0    0.822644
           0    0.824946
           0    0.827227
           0    0.829485
           0    0.831718
           0    0.833924
           0    0.836102
           0    0.838249
           0    0.840363
           0    0.842445
           0    0.844492
           0    0.846503
           0    0.848479
           0    0.850418
           0    0.852319
           0     0.85418
           0    0.856001
           0    0.857781
           0    0.859521
           0     0.86122
           0    0.862877
           0    0.864491
           0    0.866061
           0    0.867589
           0    0.869073
           0    0.870513
           0    0.871909
           0    0.873262
           0     0.87457
           0    0.875835
           0    0.877056
           0    0.878234
           0     0.87937
           0    0.880461
           0    0.881509
           0    0.882511
           0     0.88347
           0    0.884385
           0    0.885258
           0    0.886088
           0    0.886873
           0    0.887613
           0    0.888309
           0     0.88896
           0    0.889567
           0    0.890129
           0    0.890648
           0    0.891122
           0    0.891552
           0    0.891938
           0     0.89228
           0    0.892578
           0    0.892832
           0     0.89304
           0    0.893204
           0    0.893324
           0    0.893398
           0    0.893426
           0    0.893409
           0    0.893347
           0     0.89324
           0    0.893088
           0    0.892891
           0     0.89265
           0    0.892363
           0     0.89203
           0    0.891652
           0    0.891229
           0     0.89076
           0    0.890245
           0    0.889685
           0    0.889078
           0    0.888425
           0    0.887726
           0     0.88698
           0    0.886189
           0    0.885353
           0     0.88447
           0     0.88354
           0    0.882563
           0     0.88154
           0    0.880468
           0    0.879347
           0    0.878178
           0     0.87696
           0    0.875692
           0    0.874375
           0    0.873007
           0    0.871588
           0    0.870117
           0    0.868595
           0    0.867022
           0    0.865396
           0    0.863717
           0    0.861985
           0      0.8602
           0    0.858363
           0    0.856472
           0    0.854527
           0     0.85253
           0    0.850479
           0    0.848374
           0    0.846216
           0    0.844003
           0    0.841737
           0    0.839418
           0    0.837047
           0    0.834625
           0    0.832151
           0    0.829626
           0    0.827051
           0    0.824426
           0    0.821753
           0    0.819034
           0    0.816268
           0    0.813457
           0    0.810603
           0    0.807707
           0    0.804773
           0      0.8018
           0    0.798791
           0    0.795747
           0    0.792671
           0    0.789564
           0    0.786428
           0    0.783268
           0    0.780084
           0    0.776882
           0    0.773662
           0    0.770429
           0    0.767185
           0    0.763934
           0     0.76068
           0    0.757424
           0    0.754171
           0    0.750924
           0    0.747689
           0    0.744468
           0    0.741264
           0    0.738082
           0    0.734927
           0    0.731801
           0    0.728709
           0    0.725655
           0    0.722642
           0    0.719676
           0     0.71676
           0    0.713899
           0    0.711095
           0    0.708354
           0    0.705679
           0    0.703075
           0    0.700545
           0    0.698094
           0    0.695726
           0    0.693443
           0    0.691251
           0    0.689153
           0    0.687153
           0    0.685252
           0    0.683454
           0    0.681762
           0    0.680178
           0    0.678707
           0    0.677349
           0    0.676108
           0    0.674986
           0    0.673986
           0    0.673109
           0    0.672355
           0    0.671728
           0    0.671227
           0    0.670854
           0     0.67061
           0    0.670496
           0     0.67051
           0    0.670654
           0    0.670928
           0     0.67133
           0     0.67186
           0    0.672518
           0    0.673303
           0    0.674215
           0    0.675251
           0    0.676411
           0    0.677692
           0    0.679093
           0    0.680612
           0    0.682247
           0    0.683994
           0    0.685851
           0    0.687815
           0    0.689884
           0    0.692054
           0    0.694324
           0     0.69669
           0    0.699149
           0    0.701696
           0     0.70433
           0    0.707045
           0     0.70984
           0     0.71271
           0    0.715651
           0     0.71866
           0    0.721734
           0    0.724868
           0    0.728059
           0    0.731303
           0    0.734594
           0    0.737931
           0    0.741309
           0    0.744723
           0    0.748171
           0    0.751648
           0    0.755151
           0    0.758676
           0     0.76222
           0    0.765779
           0    0.769349
           0    0.772925
           0    0.776507
           0    0.780089
           0    0.783669
           0    0.787241
           0    0.790802
           0    0.794349
           0     0.79788
           0    0.801389
           0    0.804875
           0    0.808333
           0    0.811761
           0    0.815157
           0    0.818515
           0    0.821834
           0    0.825109
           0    0.828339
           0    0.831521
           0    0.834652
           0    0.837728
           0    0.840748
           0    0.843708
           0    0.846607
           0    0.849441
           0    0.852208
           0    0.854905
           0     0.85753
           0    0.860083
           0    0.862561
           0     0.86496
           0    0.867279
           0    0.869517
           0    0.871674
           0    0.873745
           0     0.87573
           0    0.877625
           0     0.87943
           0    0.881143
           0    0.882764
           0    0.884292
           0    0.885724
           0    0.887061
           0    0.888302
           0    0.889446
           0    0.890493
           0    0.891442
           0    0.892291
           0    0.893042
           0    0.893693
           0    0.894245
           0    0.894697
           0     0.89505
           0    0.895304
           0    0.895458
           0    0.895515
           0    0.895472
           0    0.895333
           0    0.895097
           0    0.894765
           0    0.894338
           0    0.893817
           0    0.893204
           0    0.892499
           0    0.891703
           0    0.890819
           0    0.889848
           0     0.88879
           0    0.887649
           0    0.886425
           0    0.885122
           0    0.883741
           0    0.882285
           0    0.880753
           0     0.87915
           0    0.877477
           0    0.875736
           0    0.873932
           0    0.872065
           0     0.87014
           0    0.868157
           0    0.866122
           0    0.864035
           0    0.861901
           0     0.85972
           0    0.857498
           0    0.855236
           0    0.852937
           0    0.850605
           0    0.848243
           0    0.845853
           0    0.843438
           0    0.841002
           0    0.838548
           0    0.836079
           0    0.833599
           0     0.83111
           0    0.828616
           0    0.826121
           0    0.823626
           0    0.821134
           0    0.818649
           0    0.816174
           0    0.813714
           0    0.811271
           0    0.808848
           0    0.806448
           0    0.804074
           0    0.801727
           0    0.799412
           0     0.79713
           0    0.794885
           0    0.792679
           0    0.790517
           0    0.788401
           0    0.786332
           0    0.784313
           0    0.782346
           0    0.780434
           0    0.778578
           0     0.77678
           0    0.775043
           0    0.773368
           0    0.771757
           0    0.770212
           0    0.768734
           0    0.767325
           0    0.765986
           0    0.764718
           0    0.763522
           0      0.7624
           0    0.761352
           0    0.760378
           0    0.759478
           0    0.758655
           0    0.757907
           0    0.757235
           0    0.756639
           0    0.756119
           0    0.755673
           0    0.755304
           0     0.75501
           0    0.754789
           0     0.75464
           0    0.754563
           0    0.754556
           0    0.754619
           0     0.75475
           0    0.754949
           0    0.755215
           0    0.755544
           0    0.755937
           0    0.756392
           0    0.756906
           0    0.757477
           0    0.758104
           0    0.758784
           0    0.759514
           0    0.760293
           0     0.76112
           0    0.761992
           0    0.762905
           0    0.763858
           0    0.764847
           0    0.765872
           0    0.766929
           0    0.768016
           0    0.769132
           0    0.770274
           0    0.771439
           0    0.772625
           0     0.77383
           0    0.775052
           0    0.776288
           0    0.777538
           0    0.778798
           0    0.780068
           0    0.781344
           0    0.782624
           0    0.783908
           0    0.785193
           0    0.786477
           0    0.787759
           0    0.789038
           0    0.790311
           0    0.791579
           0     0.79284
           0    0.794091
           0    0.795332
           0    0.796563
           0    0.797782
           0    0.798989
           0    0.800183
           0    0.801364
           0    0.802532
           0    0.803683
           0    0.804819
           0    0.805938
           0    0.807041
           0    0.808126
           0    0.809194
           0    0.810244
           0    0.811276
           0     0.81229
           0    0.813286
           0    0.814264
           0    0.815226
           0     0.81617
           0    0.817096
           0    0.818007
           0    0.818901
           0    0.819778
           0    0.820638
           0    0.821484
           0    0.822314
           0    0.823129
           0     0.82393
           0    0.824718
           0    0.825495
           0    0.826259
           0     0.82701
           0    0.827749
           0    0.828476
           0    0.829192
           0    0.829895
           0    0.830588
           0    0.831269
           0     0.83194
           0    0.832599
           0    0.833247
           0    0.833884
           0     0.83451
           0    0.835125
           0     0.83573
           0    0.836324
           0    0.836907
           0    0.837477
           0    0.838034
           0    0.838578
           0    0.839109
           0    0.839626
           0    0.840127
           0    0.840612
           0    0.841081
           0    0.841531
           0    0.841963
           0    0.842376
           0    0.842768
           0    0.843138
           0    0.843485
           0    0.843808
           0    0.844105
           0    0.844375
           0    0.844617
           0    0.844831
           0    0.845014
           0    0.845165
           0    0.845284
           0    0.845369
           0    0.845418
           0    0.845431
           0    0.845407
           0    0.845345
           0    0.845244
           0    0.845102
           0    0.844919
           0    0.844694
           0    0.844425
           0    0.844112
           0    0.843754
           0     0.84335
           0      0.8429
           0    0.842403
           0     0.84186
           0    0.841271
           0    0.840634
           0     0.83995
           0     0.83922
           0    0.838444
           0    0.837621
           0    0.836751
           0    0.835835
           0    0.834875
           0     0.83387
           0    0.832821
           0    0.831728
           0    0.830593
           0    0.829416
           0    0.828199
           0    0.826942
           0    0.825648
           0    0.824317
           0    0.822951
           0     0.82155
           0    0.820116
           0    0.818649
           0    0.817153
           0    0.815629
           0    0.814079
           0    0.812503
           0    0.810904
           0    0.809284
           0    0.807644
           0    0.805986
           0    0.804313
           0    0.802626
           0    0.800928
           0     0.79922
           0    0.797505
           0    0.795783
           0    0.794058
           0    0.792332
           0    0.790605
           0    0.788882
           0    0.787164
           0    0.785452
           0    0.783751
           0    0.782061
           0    0.780385
           0    0.778727
           0    0.777088
           0     0.77547
           0    0.773875
           0    0.772304
           0    0.770759
           0    0.769244
           0    0.767759
           0    0.766307
           0     0.76489
           0     0.76351
           0    0.762168
           0    0.760867
           0    0.759608
           0    0.758393
           0    0.757223
           0      0.7561
           0    0.755027
           0    0.754003
           0     0.75303
           0     0.75211
           0    0.751244
           0    0.750434
           0    0.749681
           0    0.748984
           0    0.748346
           0    0.747767
           0    0.747248
           0     0.74679
           0    0.746393
           0    0.746058
           0    0.745783
           0     0.74557
           0    0.745418
           0    0.745327
           0    0.745298
           0     0.74533
           0    0.745423
           0    0.745577
           0    0.745791
           0    0.746063
           0    0.746392
           0    0.746779
           0    0.747221
           0     0.74772
           0    0.748273
           0     0.74888
           0    0.749539
           0    0.750246
           0    0.751002
           0    0.751804
           0    0.752651
           0     0.75354
           0     0.75447
           0     0.75544
           0    0.756447
           0    0.757489
           0    0.758564
           0     0.75967
           0    0.760804
           0    0.761964
           0    0.763149
           0    0.764355
           0    0.765581
           0    0.766823
           0    0.768081
           0    0.769352
           0    0.770632
           0     0.77192
           0    0.773213
           0    0.774509
           0    0.775805
           0    0.777099
           0    0.778389
           0    0.779672
           0    0.780946
           0    0.782208
           0    0.783457
           0    0.784691
           0    0.785908
           0    0.787105
           0    0.788282
           0    0.789437
           0    0.790567
           0    0.791672
           0     0.79275
           0    0.793802
           0    0.794824
           0    0.795815
           0    0.796773
           0    0.797699
           0     0.79859
           0    0.799445
           0    0.800263
           0    0.801045
           0    0.801788
           0    0.802494
           0    0.803162
           0     0.80379
           0    0.804379
           0    0.804928
           0    0.805438
           0    0.805908
           0     0.80634
           0    0.806732
           0    0.807085
           0    0.807399
           0    0.807674
           0     0.80791
           0    0.808109
           0    0.808271
           0    0.808395
           0    0.808483
           0    0.808537
           0    0.808556
           0    0.808541
           0    0.808494
           0    0.808415
           0    0.808304
           0    0.808162
           0    0.807991
           0     0.80779
           0    0.807562
           0    0.807308
           0    0.807029
           0    0.806725
           0    0.806399
           0    0.806051
           0    0.805683
           0    0.805295
           0    0.804889
           0    0.804466
           0    0.804026
           0    0.803571
           0    0.803102
           0    0.802621
           0    0.802127
           0    0.801623
           0     0.80111
           0    0.800589
           0    0.800059
           0    0.799524
           0    0.798983
           0    0.798439
           0    0.797891
           0    0.797341
           0    0.796791
           0    0.796239
           0     0.79569
           0    0.795142
           0    0.794596
           0    0.794054
           0    0.793515
           0     0.79298
           0     0.79245
           0    0.791926
           0    0.791406
           0    0.790894
           0    0.790388
           0     0.78989
           0      0.7894
           0     0.78892
           0    0.788448
           0    0.787986
           0    0.787534
           0    0.787088
           0    0.786651
           0    0.786223
           0    0.785804
           0    0.785394
           0    0.784994
           0    0.784603
           0     0.78422
           0    0.783847
           0    0.783482
           0    0.783126
           0    0.782778
           0    0.782438
           0    0.782109
           0    0.781789
           0    0.781478
           0    0.781176
           0    0.780882
           0    0.780597
           0     0.78032
           0    0.780052
           0    0.779794
           0    0.779545
           0    0.779306
           0    0.779077
           0    0.778858
           0    0.778649
           0    0.778451
           0    0.778264
           0    0.778089
           0    0.777926
           0    0.777775
           0    0.777636
           0    0.777509
           0    0.777395
           0    0.777295
           0    0.777208
           0    0.777135
           0    0.777074
           0    0.777028
           0    0.776997
           0    0.776981
           0    0.776979
           0    0.776991
           0    0.777018
           0    0.777059
           0    0.777115
           0    0.777185
           0    0.777269
           0    0.777367
           0    0.777479
           0    0.777606
           0    0.777748
           0    0.777904
           0    0.778073
           0    0.778255
           0    0.778451
           0    0.778661
           0    0.778884
           0     0.77912
           0    0.779369
           0    0.779631
           0    0.779905
           0    0.780192
           0    0.780491
           0    0.780804
           0     0.78113
           0     0.78147
           0    0.781824
           0    0.782191
           0    0.782573
           0    0.782968
           0    0.783376
           0    0.783798
           0    0.784235
           0    0.784685
           0    0.785153
           0    0.785636
           0    0.786136
           0    0.786652
           0    0.787186
           0    0.787737
           0    0.788307
           0    0.788896
           0    0.789505
           0    0.790136
           0    0.790787
           0    0.791461
           0    0.792156
           0    0.792875
           0    0.793619
           0    0.794389
           0    0.795183
           0    0.796005
           0    0.796854
           0    0.797731
           0    0.798637
           0    0.799572
           0    0.800537
           0    0.801532
           0    0.802558
           0    0.803615
           0    0.804703
           0    0.805824
           0    0.806975
           0    0.808159
           0    0.809376
           0    0.810626
           0    0.811908
           0    0.813222
           0    0.814567
           0    0.815945
           0    0.817353
           0    0.818792
           0     0.82026
           0    0.821757
           0    0.823282
           0    0.824834
           0    0.826409
           0    0.828009
           0    0.829631
           0    0.831273
           0    0.832933
           0    0.834608
           0    0.836297
           0    0.837999
           0    0.839711
           0    0.841432
           0    0.843158
           0    0.844888
           0    0.846619
           0    0.848347
           0     0.85007
           0    0.851784
           0    0.853488
           0    0.855178
           0    0.856852
           0    0.858508
           0    0.860142
           0    0.861754
           0    0.863339
           0    0.864896
           0    0.866423
           0    0.867916
           0    0.869371
           0    0.870786
           0    0.872158
           0    0.873486
           0    0.874766
           0    0.875997
           0    0.877179
           0    0.878308
           0    0.879383
           0    0.880403
           0    0.881363
           0    0.882262
           0      0.8831
           0    0.883876
           0    0.884589
           0    0.885237
           0     0.88582
           0    0.886337
           0    0.886787
           0    0.887168
           0    0.887482
           0    0.887727
           0    0.887903
           0    0.888012
           0    0.888053
           0    0.888024
           0    0.887928
           0    0.887765
           0    0.887536
           0     0.88724
           0    0.886879
           0    0.886453
           0    0.885964
           0    0.885411
           0    0.884797
           0    0.884122
           0    0.883388
           0    0.882595
           0    0.881745
           0     0.88084
           0     0.87988
           0    0.878869
           0    0.877806
           0    0.876693
           0     0.87553
           0    0.874322
           0    0.873068
           0     0.87177
           0    0.870429
           0    0.869047
           0    0.867625
           0    0.866165
           0    0.864668
           0    0.863137
           0    0.861572
           0    0.859973
           0    0.858343
           0    0.856683
           0    0.854993
           0    0.853275
           0    0.851531
           0    0.849761
           0    0.847965
           0    0.846146
           0    0.844304
           0    0.842441
           0    0.840557
           0    0.838653
           0     0.83673
           0    0.834791
           0    0.832836
           0    0.830865
           0     0.82888
           0    0.826881
           0     0.82487
           0    0.822848
           0    0.820815
           0    0.818774
           0    0.816724
           0    0.814668
           0    0.812606
           0    0.810539
           0     0.80847
           0    0.806399
           0     0.80433
           0    0.802261
           0    0.800195
           0    0.798133
           0    0.796078
           0     0.79403
           0    0.791993
           0    0.789968
           0    0.787957
           0    0.785962
           0    0.783986
           0    0.782032
           0    0.780102
           0    0.778198
           0    0.776322
           0    0.774477
           0    0.772666
           0    0.770892
           0    0.769158
           0    0.767467
           0     0.76582
           0    0.764222
           0    0.762676
           0    0.761183
           0    0.759748
           0    0.758374
           0    0.757062
           0    0.755815
           0    0.754635
           0    0.753526
           0     0.75249
           0    0.751528
           0    0.750643
           0    0.749837
           0    0.749112
           0    0.748469
           0    0.747909
           0    0.747434
           0    0.747044
           0    0.746742
           0    0.746527
           0      0.7464
           0    0.746362
           0    0.746412
           0    0.746549
           0    0.746771
           0    0.747079
           0    0.747471
           0    0.747945
           0    0.748501
           0    0.749137
           0     0.74985
           0    0.750637
           0    0.751498
           0     0.75243
           0     0.75343
           0    0.754496
           0    0.755623
           0    0.756811
           0    0.758054
           0    0.759351
           0    0.760697
           0    0.762091
           0    0.763529
           0    0.765008
           0    0.766524
           0    0.768073
           0    0.769651
           0    0.771256
           0    0.772885
           0    0.774536
           0    0.776203
           0    0.777885
           0    0.779577
           0    0.781278
           0    0.782983
           0    0.784692
           0    0.786401
           0    0.788108
           0    0.789809
           0    0.791504
           0    0.793189
           0    0.794861
           0    0.796519
           0    0.798162
           0    0.799786
           0    0.801389
           0     0.80297
           0    0.804528
           0     0.80606
           0    0.807563
           0    0.809038
           0    0.810481
           0    0.811893
           0    0.813271
           0    0.814615
           0    0.815924
           0    0.817197
           0    0.818432
           0    0.819628
           0    0.820784
           0    0.821901
           0    0.822977
           0     0.82401
           0       0.825
           0    0.825948
           0    0.826851
           0     0.82771
           0    0.828525
           0    0.829292
           0    0.830014
           0    0.830689
           0    0.831317
           0    0.831901
           0    0.832438
           0    0.832927
           0    0.833368
           0    0.833761
           0    0.834104
           0    0.834399
           0    0.834645
           0    0.834842
           0     0.83499
           0    0.835089
           0    0.835139
           0    0.835141
           0    0.835094
           0       0.835
           0    0.834857
           0    0.834667
           0    0.834429
           0    0.834144
           0    0.833813
           0    0.833435
           0    0.833012
           0    0.832544
           0    0.832031
           0    0.831475
           0    0.830877
           0    0.830237
           0    0.829556
           0    0.828835
           0    0.828075
           0    0.827275
           0    0.826439
           0    0.825567
           0     0.82466
           0    0.823719
           0    0.822746
           0    0.821741
           0    0.820706
           0    0.819644
           0    0.818555
           0    0.817441
           0    0.816303
           0    0.815144
           0    0.813964
           0    0.812764
           0    0.811548
           0    0.810315
           0    0.809068
           0    0.807809
           0    0.806538
           0    0.805258
           0     0.80397
           0    0.802677
           0    0.801379
           0    0.800078
           0    0.798774
           0     0.79747
           0    0.796167
           0    0.794867
           0     0.79357
           0    0.792277
           0    0.790991
           0    0.789712
           0    0.788441
           0    0.787179
           0    0.785927
           0    0.784686
           0    0.783457
           0     0.78224
           0    0.781035
           0    0.779844
           0    0.778666
           0    0.777502
           0    0.776354
           0    0.775219
           0    0.774101
           0    0.772998
           0    0.771909
           0    0.770836
           0    0.769778
           0    0.768736
           0     0.76771
           0    0.766699
           0    0.765703
           0    0.764722
           0    0.763755
           0    0.762803
           0    0.761867
           0    0.760945
           0    0.760039
           0    0.759147
           0    0.758268
           0    0.757404
           0    0.756555
           0    0.755718
           0    0.754896
           0    0.754087
           0    0.753292
           0    0.752512
           0    0.751746
           0    0.750994
           0    0.750257
           0    0.749534
           0    0.748825
           0    0.748132
           0    0.747455
           0    0.746793
           0    0.746148
           0     0.74552
           0     0.74491
           0    0.744319
           0    0.743748
           0    0.743195
           0    0.742664
           0    0.742153
           0    0.741663
           0    0.741194
           0    0.740748
           0    0.740325
           0    0.739927
           0    0.739554
           0    0.739208
           0     0.73889
           0    0.738599
           0    0.738337
           0    0.738103
           0    0.737899
           0    0.737726
           0    0.737585
           0    0.737474
           0    0.737395
           0    0.737349
           0    0.737336
           0    0.737356
           0     0.73741
           0    0.737498
           0    0.737621
           0    0.737779
           0    0.737971
           0    0.738197
           0    0.738459
           0    0.738756
           0    0.739089
           0    0.739456
           0    0.739859
           0    0.740297
           0     0.74077
           0    0.741277
           0    0.741817
           0    0.742392
           0    0.743001
           0    0.743641
           0    0.744313
           0    0.745017
           0    0.745751
           0    0.746515
           0     0.74731
           0    0.748135
           0    0.748989
           0    0.749872
           0    0.750785
           0    0.751726
           0    0.752694
           0    0.753689
           0    0.754712
           0    0.755761
           0    0.756836
           0    0.757936
           0    0.759061
           0    0.760209
           0     0.76138
           0    0.762576
           0    0.763794
           0    0.765036
           0      0.7663
           0    0.767586
           0    0.768894
           0    0.770223
           0    0.771573
           0    0.772945
           0    0.774337
           0    0.775751
           0    0.777184
           0    0.778637
           0    0.780108
           0    0.781597
           0    0.783104
           0    0.784627
           0    0.786168
           0    0.787725
           0    0.789298
           0    0.790885
           0    0.792485
           0    0.794098
           0    0.795723
           0    0.797359
           0    0.799005
           0    0.800659
           0    0.802322
           0    0.803991
           0    0.805665
           0    0.807343
           0    0.809024
           0    0.810705
           0    0.812385
           0    0.814063
           0    0.815736
           0    0.817404
           0    0.819064
           0    0.820715
           0    0.822355
           0    0.823982
           0    0.825596
           0    0.827194
           0    0.828777
           0     0.83034
           0    0.831882
           0    0.833401
           0    0.834895
           0    0.836362
           0    0.837802
           0    0.839213
           0    0.840592
           0     0.84194
           0    0.843253
           0    0.844531
           0    0.845773
           0    0.846978
           0    0.848145
           0    0.849273
           0    0.850361
           0    0.851406
           0    0.852409
           0    0.853369
           0    0.854285
           0    0.855156
           0    0.855982
           0    0.856763
           0    0.857497
           0    0.858185
           0    0.858826
           0    0.859421
           0     0.85997
           0    0.860471
           0    0.860925
           0     0.86133
           0    0.861688
           0    0.861998
           0    0.862259
           0    0.862472
           0    0.862638
           0    0.862756
           0    0.862826
           0    0.862848
           0    0.862821
           0    0.862746
           0    0.862622
           0    0.862449
           0    0.862225
           0    0.861951
           0    0.861626
           0     0.86125
           0    0.860822
           0    0.860341
           0    0.859807
           0     0.85922
           0    0.858579
           0    0.857884
           0    0.857132
           0    0.856325
           0    0.855459
           0    0.854534
           0     0.85355
           0    0.852508
           0    0.851405
           0    0.850241
           0    0.849016
           0    0.847729
           0    0.846381
           0     0.84497
           0    0.843495
           0    0.841959
           0    0.840361
           0    0.838701
           0     0.83698
           0    0.835197
           0    0.833353
           0     0.83145
           0    0.829487
           0    0.827467
           0    0.825389
           0    0.823256
           0    0.821071
           0    0.818833
           0    0.816547
           0    0.814213
           0    0.811836
           0    0.809416
           0    0.806957
           0    0.804462
           0    0.801933
           0    0.799373
           0    0.796786
           0    0.794175
           0    0.791545
           0    0.788898
           0     0.78624
           0    0.783572
           0      0.7809
           0    0.778228
           0    0.775559
           0    0.772897
           0    0.770247
           0    0.767613
           0    0.764998
           0    0.762408
           0    0.759847
           0    0.757319
           0    0.754828
           0    0.752379
           0    0.749974
           0    0.747618
           0    0.745315
           0    0.743069
           0    0.740884
           0    0.738762
           0    0.736708
           0    0.734726
           0    0.732819
           0    0.730991
           0    0.729244
           0    0.727579
           0    0.726001
           0    0.724511
           0    0.723111
           0    0.721804
           0    0.720592
           0    0.719476
           0    0.718459
           0    0.717542
           0    0.716727
           0    0.716015
           0    0.715408
           0    0.714906
           0     0.71451
           0    0.714221
           0    0.714038
           0    0.713963
           0    0.713994
           0    0.714132
           0    0.714377
           0    0.714729
           0    0.715186
           0    0.715748
           0    0.716415
           0    0.717185
           0    0.718058
           0    0.719032
           0    0.720105
           0    0.721276
           0    0.722544
           0    0.723907
           0    0.725361
           0    0.726906
           0    0.728539
           0    0.730258
           0     0.73206
           0    0.733944
           0    0.735905
           0    0.737942
           0    0.740053
           0    0.742233
           0     0.74448
           0     0.74679
           0     0.74916
           0    0.751586
           0    0.754065
           0    0.756594
           0     0.75917
           0    0.761788
           0    0.764445
           0    0.767138
           0    0.769862
           0    0.772613
           0    0.775389
           0    0.778184
           0    0.780996
           0     0.78382
           0    0.786653
           0    0.789491
           0     0.79233
           0    0.795166
           0    0.797995
           0    0.800814
           0    0.803618
           0    0.806404
           0    0.809167
           0    0.811906
           0    0.814614
           0    0.817289
           0    0.819928
           0    0.822526
           0     0.82508
           0    0.827587
           0    0.830043
           0    0.832446
           0    0.834793
           0    0.837081
           0    0.839306
           0    0.841467
           0    0.843562
           0    0.845586
           0    0.847539
           0    0.849416
           0    0.851216
           0    0.852938
           0    0.854579
           0    0.856139
           0    0.857615
           0    0.859006
           0     0.86031
           0    0.861525
           0    0.862652
           0    0.863688
           0    0.864633
           0    0.865487
           0    0.866249
           0    0.866919
           0    0.867498
           0    0.867983
           0    0.868376
           0    0.868678
           0    0.868889
           0    0.869008
           0    0.869036
           0    0.868976
           0    0.868827
           0     0.86859
           0    0.868267
           0    0.867858
           0    0.867366
           0     0.86679
           0    0.866133
           0    0.865398
           0    0.864585
           0    0.863697
           0    0.862734
           0    0.861701
           0    0.860599
           0    0.859429
           0    0.858194
           0    0.856896
           0    0.855538
           0    0.854121
           0    0.852649
           0    0.851124
           0    0.849548
           0    0.847925
           0    0.846257
           0    0.844548
           0    0.842801
           0    0.841016
           0    0.839199
           0     0.83735
           0    0.835474
           0    0.833574
           0    0.831652
           0     0.82971
           0    0.827752
           0     0.82578
           0    0.823797
           0    0.821805
           0    0.819806
           0    0.817804
           0    0.815801
           0    0.813801
           0    0.811806
           0    0.809818
           0    0.807837
           0    0.805867
           0     0.80391
           0    0.801968
           0    0.800044
           0    0.798138
           0    0.796253
           0    0.794392
           0    0.792556
           0    0.790748
           0    0.788967
           0    0.787218
           0    0.785501
           0    0.783819
           0    0.782172
           0    0.780564
           0    0.778996
           0    0.777472
           0    0.775991
           0    0.774554
           0    0.773165
           0    0.771824
           0    0.770536
           0    0.769302
           0    0.768122
           0    0.766998
           0    0.765933
           0    0.764928
           0    0.763985
           0    0.763106
           0    0.762294
           0    0.761549
           0    0.760873
           0    0.760269
           0    0.759739
           0    0.759284
           0    0.758906
           0    0.758607
           0    0.758388
           0    0.758251
           0    0.758197
           0    0.758226
           0    0.758341
           0    0.758542
           0    0.758832
           0    0.759209
           0    0.759676
           0    0.760234
           0    0.760883
           0     0.76162
           0    0.762446
           0    0.763362
           0    0.764365
           0    0.765454
           0    0.766631
           0    0.767891
           0    0.769235
           0    0.770658
           0     0.77216
           0    0.773738
           0    0.775388
           0    0.777107
           0    0.778894
           0    0.780743
           0    0.782652
           0    0.784617
           0    0.786634
           0    0.788697
           0    0.790804
           0     0.79295
           0     0.79513
           0    0.797338
           0    0.799568
           0    0.801815
           0    0.804073
           0    0.806339
           0    0.808605
           0    0.810866
           0    0.813116
           0    0.815349
           0     0.81756
           0    0.819744
           0    0.821896
           0    0.824008
           0    0.826076
           0    0.828094
           0    0.830058
           0    0.831962
           0    0.833803
           0    0.835575
           0    0.837274
           0    0.838895
           0    0.840436
           0    0.841891
           0    0.843259
           0    0.844536
           0    0.845719
           0    0.846804
           0     0.84779
           0    0.848673
           0    0.849452
           0    0.850124
           0     0.85069
           0    0.851147
           0    0.851495
           0    0.851732
           0    0.851859
           0    0.851875
           0    0.851781
           0    0.851576
           0    0.851261
           0    0.850837
           0    0.850304
           0    0.849665
           0    0.848919
           0    0.848071
           0     0.84712
           0     0.84607
           0    0.844921
           0    0.843677
           0    0.842339
           0    0.840912
           0    0.839397
           0    0.837798
           0    0.836118
           0     0.83436
           0    0.832528
           0    0.830625
           0    0.828654
           0    0.826621
           0    0.824527
           0    0.822378
           0    0.820177
           0    0.817929
           0    0.815638
           0    0.813307
           0    0.810942
           0    0.808546
           0    0.806123
           0    0.803678
           0    0.801217
           0    0.798744
           0    0.796263
           0    0.793778
           0    0.791292
           0    0.788811
           0     0.78634
           0    0.783883
           0    0.781445
           0     0.77903
           0    0.776642
           0    0.774287
           0    0.771968
           0     0.76969
           0    0.767456
           0    0.765272
           0    0.763142
           0     0.76107
           0     0.75906
           0    0.757116
           0    0.755241
           0    0.753441
           0    0.751717
           0    0.750074
           0    0.748515
           0    0.747043
           0    0.745663
           0    0.744376
           0    0.743185
           0    0.742094
           0    0.741104
           0    0.740218
           0    0.739439
           0    0.738769
           0    0.738209
           0     0.73776
           0    0.737426
           0    0.737205
           0      0.7371
           0     0.73711
           0    0.737237
           0    0.737478
           0    0.737836
           0     0.73831
           0    0.738897
           0    0.739596
           0    0.740408
           0    0.741329
           0    0.742358
           0    0.743492
           0     0.74473
           0    0.746068
           0    0.747504
           0    0.749034
           0    0.750654
           0    0.752361
           0    0.754152
           0    0.756021
           0    0.757964
