#   STEP:  TEMPERATURE:
           0    -8.49785
           0    -8.40552
           0    -8.25266
           0    -8.13617
           0    -8.02455
           0    -7.94286
           0    -7.95152
           0    -7.91592
           0    -7.88031
           0    -7.86257
           0    -7.78663
           0    -7.75898
           0    -7.73432
           0    -7.69318
           0    -7.70036
           0    -7.73596
           0    -7.68928
           0    -7.71805
           0    -7.72083
           0    -7.72098
           0    -7.73244
           0    -7.69054
           0    -7.73356
           0    -7.72525
           0    -7.67203
           0    -7.73406
           0     -7.6499
           0    -7.65833
           0    -7.65318
           0     -7.6528
           0    -7.52043
           0    -7.58403
           0    -7.60295
           0    -7.58985
           0    -7.60033
           0    -7.66813
           0    -7.70869
           0     -7.6636
           0     -7.6025
           0    -7.61372
           0    -7.55892
           0    -7.66908
           0    -7.68027
           0    -7.65115
           0    -7.60389
           0    -7.60282
           0    -7.56837
           0    -7.52318
           0    -7.55428
           0    -7.53778
           0    -7.57782
           0    -7.55671
           0    -7.49714
           0    -7.43784
           0    -7.41655
           0    -7.37077
           0    -7.39653
           0    -7.35305
           0    -7.43596
           0    -7.38376
           0     -7.3736
           0     -7.3656
           0    -7.45206
           0    -7.47469
           0    -7.47658
           0    -7.46289
           0    -7.49226
           0    -7.50395
           0    -7.49005
           0    -7.54834
           0    -7.53515
           0    -7.48663
           0    -7.45342
           0    -7.38123
           0    -7.53037
           0    -7.53988
           0    -7.59128
           0    -7.56125
           0    -7.54484
           0    -7.52409
           0    -7.50374
           0    -7.42002
           0    -7.48954
           0    -7.49253
           0    -7.39773
           0    -7.40433
           0    -7.41545
           0     -7.3895
           0    -7.42756
           0     -7.4306
           0    -7.46538
           0    -7.46272
           0      -7.448
           0    -7.45253
           0    -7.42872
           0    -7.44622
           0    -7.35658
           0    -7.37443
           0    -7.38445
           0    -7.41811
           0    -7.48014
           0    -7.44823
           0    -7.50895
           0    -7.50491
           0    -7.52854
           0    -7.55893
           0     -7.4971
           0    -7.51055
           0    -7.59924
           0    -7.57586
           0    -7.64341
           0    -7.59704
           0    -7.48277
           0    -7.46236
           0    -7.40279
           0    -7.40041
           0    -7.31456
           0    -7.41018
           0     -7.4562
           0    -7.47467
           0    -7.46811
           0    -7.47998
           0    -7.46998
           0    -7.47898
           0    -7.39574
           0     -7.3077
           0    -7.40687
           0    -7.39372
           0    -7.43408
           0    -7.49327
           0    -7.46723
           0    -7.53544
           0     -7.5109
           0    -7.51938
           0    -7.55411
           0    -7.51397
           0    -7.49395
           0    -7.46052
           0    -7.46917
           0    -7.28037
           0    -7.33927
           0     -7.4366
           0    -7.42601
           0    -7.37925
           0    -7.42762
           0    -7.40966
           0     -7.4618
           0    -7.44072
           0    -7.38004
           0     -7.3375
           0    -7.39075
           0    -7.39965
           0    -7.43218
           0     -7.4469
           0    -7.44536
           0    -7.41928
           0    -7.45155
           0    -7.50802
           0    -7.51169
           0    -7.54799
           0    -7.49136
           0    -7.55783
           0    -7.45692
           0    -7.40816
           0    -7.39646
           0    -7.39031
           0    -7.46205
           0    -7.45877
           0    -7.48741
           0    -7.46381
           0    -7.42469
           0    -7.43526
           0    -7.42995
           0    -7.49012
           0    -7.42458
           0    -7.39276
           0    -7.36417
           0    -7.43443
           0    -7.36586
           0    -7.44166
           0    -7.48627
           0    -7.50475
           0    -7.50693
           0    -7.46674
           0    -7.47408
           0    -7.43992
           0    -7.51333
           0    -7.47213
           0    -7.41769
           0    -7.36831
           0    -7.43861
           0     -7.4776
           0    -7.46098
           0    -7.49598
           0    -7.44838
           0    -7.40567
           0    -7.50227
           0    -7.57575
           0    -7.41721
           0     -7.4391
           0    -7.50003
           0    -7.51306
           0    -7.48917
           0     -7.4771
           0    -7.49018
           0    -7.44314
           0    -7.53625
           0    -7.51766
           0     -7.5049
           0    -7.50687
           0    -7.50569
           0     -7.5108
           0    -7.39616
           0    -7.40557
           0    -7.47051
           0    -7.38008
           0    -7.41167
           0    -7.48674
           0    -7.49884
           0    -7.50068
           0    -7.48563
           0    -7.58928
           0    -7.60234
           0    -7.58868
           0    -7.68872
           0    -7.68479
           0    -7.63114
           0    -7.53706
           0    -7.53246
           0    -7.58476
           0    -7.57608
           0    -7.62736
           0    -7.60931
           0    -7.58326
           0    -7.64679
           0    -7.63928
           0    -7.65799
           0    -7.65683
           0    -7.63211
           0    -7.56204
           0    -7.63046
           0    -7.53217
           0    -7.55741
           0    -7.59548
           0    -7.57535
           0    -7.65524
           0    -7.65632
           0    -7.76819
           0    -7.70573
           0    -7.67073
           0    -7.71329
           0    -7.72308
           0    -7.65611
           0    -7.64342
           0    -7.65277
           0    -7.67149
           0    -7.66894
           0    -7.66787
           0    -7.69711
           0    -7.64943
           0    -7.66106
           0     -7.6352
           0     -7.5877
           0    -7.47953
           0    -7.41446
           0     -7.4039
           0    -7.39879
           0     -7.3687
           0    -7.46608
           0    -7.51015
           0    -7.54499
           0    -7.49345
           0    -7.43548
           0    -7.50183
           0    -7.54545
           0     -7.4768
           0    -7.51043
           0    -7.50249
           0    -7.54722
           0    -7.54485
           0    -7.52368
           0    -7.50233
           0    -7.47897
           0    -7.52158
           0     -7.5736
           0    -7.62068
           0     -7.6102
           0    -7.55482
           0    -7.40502
           0    -7.48643
           0    -7.50571
           0    -7.51445
           0    -7.47999
           0    -7.41023
           0    -7.41717
           0    -7.38868
           0    -7.44781
           0    -7.47463
           0    -7.54189
           0     -7.5797
           0    -7.57914
           0    -7.59498
           0    -7.61108
           0    -7.62987
           0     -7.5677
           0    -7.57456
           0    -7.54119
           0    -7.57076
           0    -7.54264
           0     -7.5102
           0    -7.50565
           0    -7.48794
           0    -7.51458
           0    -7.57313
           0    -7.60506
           0    -7.63845
           0     -7.7255
           0     -7.6738
           0    -7.69151
           0    -7.61894
           0    -7.57836
           0     -7.6241
           0    -7.63535
           0    -7.61789
           0    -7.64072
           0    -7.72219
           0    -7.75833
           0    -7.72498
           0    -7.66518
           0    -7.62952
           0    -7.64546
           0    -7.63065
           0    -7.67873
           0    -7.69333
           0    -7.70659
           0    -7.74817
           0    -7.67898
           0     -7.6791
           0    -7.70373
           0    -7.69228
           0    -7.68288
           0    -7.65583
           0    -7.67226
           0    -7.77608
           0    -7.74309
           0    -7.74839
           0    -7.72212
           0    -7.71666
           0    -7.58461
           0    -7.60987
           0    -7.51478
           0    -7.50132
           0    -7.55309
           0    -7.57853
           0    -7.47252
           0     -7.4908
           0    -7.61396
           0     -7.6533
           0    -7.65757
           0     -7.6847
           0    -7.71711
           0     -7.7109
           0    -7.70566
           0    -7.66302
           0    -7.60108
           0    -7.65619
           0    -7.59675
           0    -7.59567
           0    -7.54957
           0    -7.61929
           0    -7.57363
           0     -7.4831
           0     -7.4957
           0    -7.53803
           0    -7.61543
           0      -7.592
           0    -7.55038
           0    -7.59643
           0    -7.57063
           0    -7.56017
           0    -7.54055
           0    -7.46817
           0     -7.4648
           0    -7.47618
           0    -7.45627
           0     -7.4971
           0    -7.52321
           0    -7.61008
           0    -7.64609
           0    -7.53712
           0    -7.50864
           0    -7.48479
           0    -7.53218
           0     -7.5718
           0    -7.54425
           0    -7.57363
           0    -7.61966
           0    -7.55594
           0    -7.58123
           0     -7.5353
           0      -7.453
           0    -7.44851
           0    -7.45639
           0    -7.50635
           0    -7.61624
           0     -7.6161
           0    -7.59727
           0    -7.63349
           0    -7.64396
           0    -7.56762
           0    -7.57435
           0    -7.56232
           0    -7.63723
           0    -7.58922
           0    -7.56597
           0    -7.62773
           0    -7.77921
           0    -7.71114
           0    -7.66532
           0    -7.63124
           0    -7.68994
           0    -7.69728
           0    -7.69163
           0    -7.70299
           0    -7.72735
           0    -7.61799
           0    -7.63733
           0    -7.60094
           0    -7.62896
           0    -7.59633
           0    -7.58786
           0    -7.62333
           0    -7.55002
           0    -7.52245
           0    -7.49136
           0    -7.54551
           0    -7.52447
           0    -7.63107
           0    -7.63223
           0    -7.64245
           0    -7.61964
           0    -7.58863
           0    -7.58063
           0    -7.52165
           0    -7.50892
           0    -7.52661
           0    -7.60954
           0    -7.51152
           0    -7.61138
           0     -7.6343
           0    -7.54401
           0    -7.48148
           0    -7.50743
           0    -7.47955
           0    -7.41842
           0    -7.50011
           0    -7.49463
           0    -7.48139
           0    -7.43552
           0    -7.55922
           0    -7.57139
           0    -7.56536
           0    -7.62564
           0    -7.57919
           0    -7.52246
           0    -7.65079
           0    -7.61409
           0    -7.64536
           0    -7.74488
           0    -7.60887
           0    -7.56923
           0    -7.57518
           0    -7.60063
           0    -7.60463
           0    -7.60369
           0    -7.59059
           0    -7.65802
           0    -7.63596
           0    -7.61343
           0    -7.63662
           0    -7.66253
           0    -7.58432
           0    -7.56867
           0    -7.47174
           0    -7.51808
           0    -7.50959
           0    -7.51548
           0    -7.52834
           0    -7.57788
           0    -7.52806
           0    -7.47508
           0    -7.47346
           0    -7.46333
           0    -7.46861
           0    -7.41834
           0    -7.41098
           0    -7.48419
           0    -7.52478
           0     -7.4292
           0    -7.56562
           0    -7.55965
           0    -7.57512
           0    -7.59362
           0    -7.57202
           0    -7.57098
           0    -7.60587
           0    -7.54894
           0    -7.58024
           0    -7.59176
           0    -7.59901
           0    -7.60706
           0      -7.569
           0    -7.68669
           0    -7.60246
           0    -7.64928
           0    -7.61542
           0    -7.58221
           0    -7.56983
           0    -7.49913
           0     -7.5029
           0    -7.53299
           0    -7.53723
           0     -7.5465
           0     -7.5773
           0    -7.61496
           0     -7.6153
           0     -7.5338
           0    -7.52477
           0    -7.57391
           0    -7.55628
           0    -7.52204
           0    -7.53903
           0    -7.59098
           0     -7.5871
           0    -7.61213
           0     -7.6622
           0    -7.62989
           0    -7.57199
           0    -7.58229
           0    -7.57503
           0    -7.52707
           0    -7.55022
           0    -7.58968
           0    -7.66541
           0    -7.68836
           0     -7.6219
           0    -7.67817
           0     -7.6629
           0    -7.61647
           0    -7.64064
           0    -7.64641
           0    -7.70187
           0    -7.71203
           0    -7.66948
           0    -7.67216
           0    -7.65982
           0    -7.67518
           0    -7.72054
           0    -7.59659
           0    -7.71827
           0    -7.73582
           0    -7.69932
           0    -7.66628
           0    -7.70357
           0    -7.71184
           0    -7.74173
           0    -7.68386
           0    -7.75206
           0    -7.73255
           0    -7.68342
           0    -7.61149
           0    -7.59243
           0    -7.60412
           0    -7.59716
           0    -7.58212
           0    -7.55594
           0    -7.55648
           0    -7.58211
           0    -7.61708
           0    -7.53727
           0    -7.58945
           0    -7.57951
           0    -7.64866
           0    -7.59518
           0    -7.54483
           0    -7.56037
           0    -7.52099
           0    -7.57858
           0    -7.59565
           0    -7.58848
           0    -7.53921
           0     -7.4224
           0    -7.41363
           0    -7.57802
           0    -7.54521
           0    -7.54527
           0    -7.53847
           0     -7.5167
           0     -7.5714
           0    -7.51271
           0    -7.57906
           0    -7.62849
           0    -7.62258
           0    -7.57558
           0    -7.60624
           0    -7.64321
           0    -7.61771
           0    -7.60058
           0    -7.55587
           0    -7.61295
           0    -7.56878
           0      -7.506
           0    -7.56644
           0    -7.59374
           0    -7.62064
           0     -7.5262
           0    -7.58109
           0    -7.62252
           0    -7.58717
           0    -7.60223
           0    -7.58344
           0     -7.5726
           0    -7.52954
           0     -7.5537
           0    -7.59036
           0    -7.56307
           0    -7.53024
           0    -7.54663
           0    -7.53925
           0    -7.53296
           0    -7.48867
           0    -7.51325
           0    -7.55765
           0    -7.54812
           0     -7.5725
           0    -7.56287
           0    -7.46872
           0    -7.60408
           0    -7.59693
           0    -7.63703
           0    -7.64187
           0    -7.67773
           0    -7.64876
           0    -7.61266
           0    -7.66003
           0    -7.56643
           0    -7.57531
           0    -7.56922
           0     -7.5825
           0     -7.6485
           0    -7.60878
           0    -7.56458
           0    -7.60808
           0    -7.61584
           0     -7.5872
           0    -7.51292
           0    -7.54264
           0    -7.54588
           0    -7.54329
           0    -7.56166
           0    -7.54329
           0    -7.50815
           0      -7.506
           0    -7.55152
           0    -7.48559
           0    -7.55397
           0    -7.63003
           0    -7.58982
           0    -7.61206
           0    -7.58469
           0    -7.56224
           0      -7.544
           0    -7.58978
           0    -7.50796
           0    -7.55884
           0    -7.52688
           0    -7.44993
           0    -7.53194
           0    -7.55551
           0    -7.53316
           0    -7.52808
           0     -7.5611
           0    -7.58234
           0     -7.6201
           0    -7.66354
           0    -7.63799
           0    -7.64453
           0    -7.69678
           0    -7.73187
           0    -7.74918
           0    -7.72721
           0    -7.71109
           0    -7.69165
           0    -7.69521
           0    -7.62579
           0    -7.61382
           0    -7.65437
           0    -7.70658
           0    -7.72385
           0    -7.68394
           0    -7.64337
           0    -7.63001
           0    -7.58361
           0    -7.61197
           0    -7.62448
           0    -7.64308
           0    -7.54648
           0    -7.53369
           0    -7.60437
           0    -7.53934
           0    -7.58904
           0    -7.63291
           0    -7.64608
           0    -7.64482
           0     -7.6402
           0    -7.61533
           0    -7.65354
           0    -7.70821
           0    -7.65516
           0    -7.68516
           0    -7.65238
           0    -7.61136
           0    -7.59812
           0    -7.70756
           0    -7.69963
           0     -7.6751
           0    -7.61937
           0    -7.55866
           0    -7.55764
           0    -7.61683
           0     -7.6307
           0    -7.63133
           0    -7.57154
           0    -7.52087
           0    -7.56583
           0     -7.6074
           0    -7.56085
           0    -7.57343
           0    -7.63429
           0    -7.59607
           0    -7.58014
           0    -7.60951
           0    -7.58306
           0     -7.5562
           0    -7.62796
           0    -7.68255
           0    -7.69487
           0    -7.64153
           0    -7.56398
           0    -7.58755
           0    -7.66059
           0    -7.51628
           0    -7.52433
           0    -7.48006
           0    -7.52792
           0    -7.62503
           0    -7.59302
           0    -7.52519
           0    -7.43958
           0    -7.45403
           0    -7.54977
           0    -7.50219
           0    -7.58482
           0    -7.55903
           0    -7.49919
           0    -7.50764
           0    -7.50733
           0    -7.46318
           0     -7.4532
           0    -7.38477
           0    -7.34918
           0    -7.30357
           0    -7.26949
           0    -7.26501
           0    -7.37768
           0    -7.42488
           0    -7.43892
           0    -7.53334
           0    -7.53095
           0    -7.53509
           0     -7.4421
           0    -7.54902
           0     -7.5487
           0    -7.48373
           0    -7.55279
           0     -7.5554
           0    -7.56598
           0    -7.48592
           0    -7.52241
           0    -7.52516
           0    -7.53326
           0    -7.48281
           0    -7.45713
           0     -7.4149
           0    -7.39667
           0    -7.49156
           0      -7.513
           0    -7.47478
           0    -7.48381
           0    -7.56836
           0    -7.46352
           0    -7.48431
           0    -7.46953
           0    -7.45451
           0    -7.46035
           0    -7.57486
           0    -7.58739
           0    -7.47599
           0    -7.46521
           0    -7.37604
           0    -7.41084
           0     -7.3631
           0    -7.32281
           0     -7.3527
           0    -7.44067
           0    -7.40421
           0    -7.42223
           0    -7.47484
           0    -7.51632
           0    -7.54474
           0    -7.48102
           0    -7.57904
           0    -7.49877
           0    -7.46278
           0    -7.46832
           0    -7.53903
           0     -7.4856
           0    -7.48698
           0    -7.51907
           0    -7.48839
           0    -7.49025
           0    -7.42704
           0    -7.43761
           0    -7.51974
           0    -7.49918
           0    -7.47378
           0    -7.50747
           0    -7.50156
           0    -7.44683
           0    -7.42572
           0    -7.46224
           0    -7.54617
           0    -7.56044
           0    -7.47367
           0    -7.49908
           0    -7.58472
           0    -7.59593
           0    -7.65386
           0     -7.6264
           0    -7.59416
           0    -7.63044
           0     -7.5874
           0    -7.51535
           0    -7.53783
           0    -7.50201
           0    -7.38532
           0    -7.48038
           0    -7.53576
           0    -7.60027
           0    -7.61218
           0    -7.61599
           0    -7.59785
           0    -7.58179
           0    -7.60371
           0    -7.58554
           0    -7.60202
           0    -7.60065
           0    -7.62759
           0    -7.59469
           0    -7.59124
           0    -7.66422
           0    -7.69404
           0    -7.70033
           0    -7.75956
           0     -7.6968
           0    -7.65499
           0    -7.67651
           0    -7.62689
           0    -7.58819
           0    -7.51816
           0    -7.46025
           0    -7.44927
           0    -7.41848
           0    -7.46567
           0    -7.49674
           0      -7.464
           0    -7.38044
           0    -7.38075
           0    -7.42617
           0    -7.47642
           0     -7.4476
           0    -7.46588
           0    -7.36578
           0    -7.43218
           0    -7.46497
           0    -7.45345
           0    -7.46044
           0    -7.45424
           0    -7.49513
           0    -7.55718
           0    -7.52789
           0    -7.52068
           0    -7.54569
           0    -7.51981
           0    -7.52931
           0     -7.5514
           0    -7.55644
           0    -7.58327
           0    -7.53967
           0    -7.53753
           0    -7.59949
           0    -7.66038
           0    -7.64612
           0    -7.60979
           0    -7.52546
           0    -7.56079
           0    -7.59642
           0    -7.55275
           0    -7.60705
           0    -7.50915
           0    -7.58245
           0    -7.50982
           0    -7.53269
           0    -7.61869
           0    -7.57304
           0    -7.56983
           0    -7.58969
           0    -7.57933
           0     -7.6392
           0    -7.61865
           0    -7.62053
           0    -7.63028
           0    -7.61919
           0    -7.66813
           0    -7.62844
           0    -7.62966
           0    -7.55541
           0    -7.55025
           0    -7.55846
           0    -7.63206
           0    -7.62162
           0    -7.58082
           0    -7.55429
           0    -7.49057
           0    -7.53182
           0    -7.51969
           0     -7.5069
           0    -7.52487
           0    -7.56065
           0    -7.54841
           0    -7.64345
           0    -7.66575
           0    -7.73917
           0    -7.70196
           0    -7.62148
           0    -7.56873
           0    -7.55386
           0     -7.5785
           0    -7.55784
           0    -7.59885
           0    -7.53998
           0    -7.57247
           0    -7.63553
           0    -7.61633
           0    -7.62126
           0    -7.61284
           0    -7.63361
           0    -7.55609
           0    -7.59016
           0    -7.74895
           0    -7.80183
           0    -7.72564
           0      -7.745
           0     -7.7221
           0    -7.68208
           0    -7.65444
           0    -7.57119
           0    -7.61717
           0    -7.58003
           0    -7.57257
           0    -7.54739
           0     -7.5695
           0    -7.60007
           0    -7.57296
           0    -7.46566
           0    -7.49315
           0    -7.54607
           0    -7.57744
           0     -7.5655
           0     -7.5815
           0    -7.64139
           0    -7.56571
           0    -7.56167
           0    -7.59207
           0    -7.63427
           0    -7.64359
           0    -7.58923
           0    -7.59575
           0    -7.56272
           0    -7.51695
