Generation  Best distance  Mean distance
1        2454.19         2794.1
2        2308.71        2635.17
3        2184.25        2501.87
4        1911.38        2390.68
5        1911.38        2276.06
6        1902.33        2164.87
7         1814.3        2038.96
8        1795.76        1918.51
9         1737.6        1862.56
10        1656.94         1814.3
11        1645.48        1771.58
12         1635.7        1733.73
13        1608.66        1694.27
14        1587.34        1668.21
15        1566.97        1638.92
16        1515.66         1615.4
17        1495.67        1585.24
18        1418.73        1548.38
19        1418.73        1506.65
20        1391.99        1471.08
21        1364.81        1442.44
22         1336.7        1417.87
23        1281.84        1388.24
24        1275.66        1355.71
25        1266.81        1322.81
26        1204.02        1291.76
27        1186.75        1282.96
28        1186.75        1268.92
29        1186.75         1252.5
30        1156.02        1229.78
31        1126.42        1208.58
32        1126.42        1184.45
33        1101.47        1162.11
34        1064.61        1141.77
35         1055.5        1120.84
36        1051.08        1102.62
37        1043.92        1086.16
38        1034.38        1076.44
39         1022.2        1069.12
40         992.18        1057.82
41         992.18        1051.87
42        975.319        1032.52
43          952.4        1019.05
44        918.305        1007.56
45        918.305        993.414
46        908.416        978.936
47        908.416        962.288
48        899.778        946.045
49        895.008        929.741
50        895.008        918.638
51        883.533         913.91
52        870.884        904.673
53        852.297        893.803
54        839.101        887.611
55        836.829        875.886
56        813.242        864.954
57        800.831        849.106
58        795.803        831.507
59        783.392        818.727
60        779.472        806.238
61        767.639        799.347
62        742.844        789.769
63        732.655         777.72
64        732.655        763.124
65        731.036        751.994
66        727.838        745.599
67        727.838        739.448
68        712.409        735.418
69        712.409        731.428
70        710.873        726.525
71        708.588        720.358
72         702.57        715.285
73        697.648        710.268
74        685.296        708.132
75        685.296        704.744
76        587.593        694.584
77        578.611        680.414
78        573.973        657.798
79        571.323        638.804
80        568.842        614.066
81        564.928        590.781
82        562.447        581.736
83        562.446        573.513
84        559.952        566.421
85        547.124        563.841
86        547.124        562.013
87        534.677        558.482
88        534.677         556.01
89        534.677        548.416
90        534.677        544.758
91        532.584         541.96
92        523.973        539.142
93        523.973        533.356
94        515.403         529.53
95        513.609        525.718
96        508.789        519.053
97        508.789        515.605
98        502.203        512.324
99        502.203        509.113
100        497.827        506.049
101        496.751        503.366
102        485.788        500.614
103        479.588        497.158
104        479.576        494.139
105        473.351        488.992
106        470.711        485.284
107        470.711        480.304
108        467.842        478.562
109        459.486        475.521
110        459.486         471.93
111        459.486        466.722
112        459.486        464.222
113        459.296        462.613
114        453.756         461.36
115        439.639        460.784
116        439.639        458.403
117        439.639        453.474
118        435.956        451.624
119        435.956        448.609
120        432.189        444.773
121        431.645        442.388
122        427.655        435.564
123        427.655        433.223
124        426.012        431.065
125        424.467        429.576
126        393.988        426.687
127        393.988        424.029
128        393.988        423.768
129        393.988        432.865
130        393.988        445.327
131        376.542        448.522
132        376.542        437.219
133        376.542        415.456
134        367.896        402.239
135        367.325        391.847
136        367.325        383.172
137        364.597        374.291
138        362.516        372.539
139        359.754        368.301
140        356.712        365.273
141        352.681        362.757
142        351.688        360.202
143        349.125        356.359
144        349.125        353.756
145        349.125        351.317
146        349.125        350.108
147        347.506        349.843
148        347.506        349.336
149        347.506        348.499
150        340.799         348.19
151        346.311        348.093
152        346.311        347.501
153        340.156        346.838
154        340.156        346.029
155        338.949        344.279
156        337.071        342.827
157        337.071        341.628
158        331.434        341.055
159        331.434        339.189
160        331.434        335.936
161        331.434        334.427
162        331.434        333.763
163        331.434        333.336
164        331.434         333.13
165        331.434        333.341
166        331.434         333.79
167        329.315        334.019
168        321.366        335.359
169        321.366        332.529
170        321.366        329.594
171        321.366        330.724
172        321.366        334.212
173        318.697        330.652
174        317.631        328.051
175        314.173        322.146
176         286.28         320.28
177         286.28         319.84
178         286.28        317.882
179        286.052        317.879
180        286.052        312.976
181        286.052        307.293
182        280.213        297.915
183        277.767        292.225
184        277.767        285.781
185        271.149        282.804
186        270.922        279.479
187        270.403        276.357
188        269.285        274.393
189        269.285        271.458
190        265.922        270.271
191        265.922        269.427
192        257.984        268.139
193        257.984        267.004
194        257.984        265.199
195        257.984        263.791
196        257.984        262.841
197        257.984        261.645
198        257.984        261.148
199         257.45        261.246
200        257.011         260.42
201         247.06        258.735
202        246.833        256.725
203        244.474        254.119
204        244.246        251.075
205        244.089        249.372
206        244.089        246.678
207        243.573        245.992
208        240.678        244.605
209        234.818        244.316
210        234.119         242.03
211        233.603        239.474
212        233.603        238.286
213        227.803        235.604
214        227.803        235.278
215        227.803         234.81
216        227.803        236.245
217        227.803        234.261
218        227.803        233.992
219        227.803        232.261
220        227.803        232.293
221        227.803        232.025
222        227.803        230.844
223        227.803        230.471
224        227.803        230.613
225        227.803        230.747
226        218.092        229.895
227        218.092        226.177
228        218.092        223.156
229        218.092         222.99
230        218.092        221.326
231        218.092        220.943
232        218.092        220.809
233        218.092        221.399
234        218.092        222.237
235        218.092        225.597
236        218.092        226.469
237        217.022        224.867
238        217.022        221.193
239         216.57        218.049
240         216.57         217.44
241        214.874        217.389
242        214.874        216.782
243        213.474         216.37
244        211.326        215.574
245        211.326         214.53
246        211.326        213.277
247        211.326        212.744
248        211.326        212.331
249        211.326        212.402
250        211.326        212.627
251        190.806        211.953
252        189.967        210.021
253        189.279        208.669
254        189.279        207.439
255        189.279        199.912
256        189.279        194.497
257        189.279        192.454
258        189.279        192.783
259        189.279        192.572
260        188.753        193.245
261        188.066        192.199
262        188.066        188.986
263        186.423        188.596
264        184.576        188.248
265        183.884        187.269
266         182.67        185.987
267        181.669        184.671
268        181.669        183.489
269        181.669        182.499
270        181.627        182.093
271        181.627        181.806
272        181.627        181.716
273        181.203        181.642
274        178.596        181.579
275        178.596        181.366
276        175.317        180.679
277        170.807        179.239
278        169.737        176.896
279        165.526        174.174
280        165.526        172.301
281        165.526        169.334
282        165.526        167.578
283        165.526        166.648
284        165.526        166.309
285        165.136        165.985
286        164.745        165.773
287        164.354        165.406
288        160.449        164.989
289        160.449        164.082
290        160.449         162.72
291        156.778        162.152
292        156.778        161.128
293        156.778        159.598
294        156.778        158.246
295        156.778        157.906
296        156.778        157.486
297        156.778        157.704
298        156.778        157.827
299        156.778        157.763
300        156.778        157.645
301        149.123        158.386
302        146.823        156.159
303        143.634        153.298
304        143.634        149.373
305        141.876        146.291
306        141.876        144.724
307        141.876        143.404
308        141.119        142.645
309        141.119        142.301
310        141.119        141.983
311        141.119        141.703
312        141.119        141.432
313        141.119        141.444
314        141.119        141.387
315        141.119         141.48
316        140.734         141.45
317        140.734        141.246
318        139.977        141.046
319        139.977        140.691
320        139.977         140.36
321        139.977        140.257
322        139.977        140.284
323        139.977        140.271
324        139.977        140.293
325        139.977        140.343
326         129.03        141.434
327         129.03        138.294
328         129.03        134.269
329         129.03        132.508
330        128.892        131.114
331        128.892        129.528
332        128.892        129.094
333        128.892        128.976
334        128.892        128.947
335        128.892        128.959
336        128.892        129.011
337        128.892        129.114
338        128.892        129.303
339         128.88        129.406
340         128.88         129.18
341        119.214         128.87
342        119.214        127.966
343        119.214        126.269
344        119.214        123.873
345        119.214        122.753
346        118.507        122.138
347        118.507        121.125
348        118.507         119.53
349        117.971        118.902
350        117.971        119.183
351        117.969        120.221
352        117.969         119.32
353        117.831        119.411
354        117.831        118.721
355        117.831        118.578
356        117.831        118.349
357        117.711         119.53
358        117.573        118.429
359        117.573        117.792
360        117.573        117.717
361        117.573        117.653
362        117.573         117.64
363        117.573        117.635
364        117.573        117.622
365        117.573        117.663
366        117.573        117.743
367        117.573        117.788
368        117.573        117.643
369        117.573         118.08
370        117.573        118.832
371        117.573        119.179
372        117.573        120.015
373        117.573        118.865
374        116.841        121.494
375        116.841        119.087
376        108.944        117.292
377        105.367        115.909
378        105.367        113.313
379        105.367         110.22
380        105.367        108.961
381        105.367        107.788
382        105.367        107.016
383        105.367        106.867
384        105.367        106.862
385        105.367        107.556
386          103.7        107.002
387          103.7        106.152
388          103.7        105.486
389         103.12        104.688
390        102.645          104.4
391        102.645        103.557
392        102.064        103.108
393        102.064        102.812
394        102.064        102.557
395        102.064        102.423
396        102.064         102.42
397        102.064        102.304
398        102.064          102.3
399        102.064          102.4
400        102.064        102.377
401        101.948         102.38
402        100.888         102.19
403        99.7159        101.879
404        99.3842        101.286
405        99.3842        100.509
406        99.3544        99.7662
407        99.3544         99.533
408        99.3544        99.3893
409        98.8129        99.3658
410        98.8129         99.315
411        98.8129        99.1549
412        98.8129        99.0303
413        98.8129        98.9758
414        98.6205        98.9445
415        98.0791        98.8441
416        98.0791        98.5994
417        98.0791        98.4089
418        98.0791        98.2503
419        98.0791        98.2695
420        98.0791        98.2549
421        96.8101        98.2901
422        96.8101        98.0434
423        96.2605        97.6662
424        95.8935        97.3485
425        95.8935        96.7707
426        93.7784        96.4836
427        93.7784        95.9185
428        92.6618        95.1288
429         92.632        94.5042
430         92.632         93.549
431         92.632        93.1612
432         92.632        92.9154
433         92.632        92.7391
434         92.632        92.6414
435         92.632        92.7294
436        92.6192        92.6642
437        92.6192        92.8453
438        92.6192        92.6881
439        92.6192         92.628
440        91.4904        92.6189
441        91.4904        92.5609
442        91.4904        92.2609
443        91.4904        91.9998
444        91.4904        91.8194
445        91.4904        91.7241
446        91.4904        91.7693
447        91.4904        91.6958
448        91.4904        91.7136
449        91.4904         91.809
450        91.4904        91.7714
451        91.4904        92.8753
452        91.4904        93.1781
453        91.4904        93.3654
454        91.4904        92.7517
455        91.4475        93.6446
456        90.5422        92.3658
457        90.5422        91.6407
458        90.4993        91.2343
459        89.9737          90.94
460        89.9737        90.6358
461        89.9737        90.3738
462        89.9737         90.238
463        89.9737        90.1684
464        89.9737        90.1393
465        89.9737        90.1649
466        89.9737          90.15
467        89.9737        90.1611
468        89.9737        90.2489
469        89.9737        90.4918
470        89.9737         90.397
471        89.9737        90.4307
472        89.9737        90.6987
473        89.9737        91.2278
474        89.9737         93.282
475        89.9737         91.926
476        86.2896        90.8049
477        86.2896        89.7236
478        86.2896        89.1421
479        86.2896        88.2713
480        85.1609        88.0154
481        84.8858        87.2413
482        84.8858        86.6192
483        83.7571        85.5704
484        83.7571        84.9276
485        83.7571        84.4602
486        83.7571        84.3099
487        83.2528        84.1649
488        83.2528        84.0926
489        82.5577        83.6992
490        81.9407         83.386
491        81.9407        82.9268
492        81.9407        82.3819
493        80.4538        82.1494
494        80.4538        81.8017
495        80.4538        81.3115
496        80.4538        80.9516
497        80.4538        80.8915
498        80.4538        80.9381
499        80.4538        80.9943
500        80.4538        81.0012
501        80.4538        81.1122
502        80.4538        80.9785
503        80.4538        80.8809
504        80.4538        80.9671
505        80.4538        80.9702
506        80.4538        81.0439
507        80.4538        80.9302
508        80.4538        80.7328
509        80.2845        80.5861
510        80.2845        80.7732
511        80.2845        80.3971
512        80.2708        80.3573
513        80.2708        80.3366
514        80.2708        80.2961
515        80.2708        80.2767
516        80.2708         80.275
517        80.2708        80.2748
518        80.2708        80.2753
519        80.2708        80.2746
520        80.2708        80.2902
521        80.2708        80.2833
522        80.2708        80.3668
523        80.2708         80.718
524        80.2708        80.2902
525        80.2708        80.4003
526        80.2708        80.2916
527        80.2708        81.0322
528        80.2708        80.9757
529        80.2708        81.0747
530        80.2708        80.6312
531        80.2708        80.7576
532        80.2708        80.4541
533        80.2708         80.408
534        80.2708        80.6566
535        80.1741        80.4292
536        80.1741        80.4505
537        80.1741        80.2478
538        80.1741        80.2231
539        80.1741        80.2546
540        80.1741         80.294
541        80.1741        80.2592
542        80.1741        80.5313
543        80.1741        80.2668
544        80.1741        80.3542
545        79.9915        80.4096
546        79.8947        80.3685
547        79.8947          80.09
548        79.8947        80.0115
549        79.8626        79.9742
550        79.7659        79.9634
551        79.3399         79.945
552        79.2111        79.8199
553        79.2111          79.67
554        79.2111        79.4601
555        79.2111        79.3311
556        79.2111          79.26
557        79.2111        79.2698
558        79.2111        79.2437
559        79.2111          79.25
560        79.2111        79.2784
561        79.2111        79.2709
562        79.2111         79.341
563        79.2111        79.3134
564        79.2111        79.7253
565        79.2111        79.8512
566        79.2111        79.9642
567        79.2111        79.7767
568        79.2111        80.1816
569        79.2111        79.9015
570        79.2111        79.5079
571        79.2111        79.8764
572        79.2111        79.5028
573        79.2111        79.7429
574        79.2111        79.8365
575        79.2111          80.68
576        77.8364        80.4755
577        77.8364        79.2326
578        77.8364        78.5797
579        77.8364        78.2432
580        77.8364        78.1844
581        77.8364        78.2279
582        77.8364        78.0061
583        77.8364        78.0039
584        77.8364        78.1649
585        77.8364        78.1733
586        77.8364        78.6296
587        77.8364        78.1898
588        77.8364        78.3866
589        77.8364         78.271
590        77.8364        78.3665
591        77.8364        78.6302
592        77.8364        78.7224
593        77.8364        78.5944
594        77.8364        78.7966
595        77.8364        79.2192
596        77.8364        79.2878
597        77.8364        79.0516
598        77.8364        79.5413
599        77.8364        78.9716
600        77.8364        78.8509
601        77.7048         78.326
602         77.393        78.2862
603         77.393        77.9007
604        76.8286        77.6905
605        76.8286         77.641
606        76.7979        77.3959
607        76.7979        77.2323
608        76.7979        76.9632
609        76.7979        76.9193
610        76.7979        76.8809
611        76.7979        76.9013
612        76.7979        77.1385
613        76.7979        77.1137
614        76.7979        77.2047
615        76.7979        77.0788
616        76.7979        77.1156
617        76.7979        77.1511
618        76.7979        77.1273
619        76.7979        77.1528
620        76.7979        77.3914
621        76.7979        77.9792
622        76.7979         78.182
623        76.7979        77.6842
624        76.7979        77.8264
625        76.7979        77.8674
626        75.4696        77.1815
627        75.4696         76.998
628        75.4696        76.4029
629        75.4696        75.9903
630        75.4696        75.9059
631        75.4696        75.8549
632        75.4696         75.817
633        75.4696        75.9066
634        75.4696         75.851
635        75.4696        75.8787
636        75.3437        75.9118
637        75.3437        75.9855
638        75.3437        75.5144
639        75.3437        75.5049
640        75.3437        75.5095
641        75.3437        75.4592
642        75.3437         75.568
643        75.3437        75.5368
644        75.3437        75.5277
645        75.3437        75.8831
646        75.3437        76.4243
647        75.3437         76.613
648        75.3437        76.6145
649        75.3437        76.4674
650        75.3437        76.0884
651        75.3437        75.5817
652        75.3437        76.2228
653        75.3437        76.9235
654        75.3437        77.7637
655        75.3437        77.9183
656        75.3437        77.0113
657        75.3437        77.3353
658        75.3437        76.9108
659        75.2702        76.9338
660        75.2702        76.2702
661        75.2702        75.7106
662        74.7222        75.4809
663        74.7222        75.6082
664        74.7222        75.4782
665        74.7222        74.9865
666        74.7222        74.9702
667        74.7222        74.9182
668        74.7222        75.0708
669        74.7222        75.0734
670        74.7222         75.433
671        74.7222         75.207
672        74.7222        75.4252
673        74.7222        75.7451
674        74.7222         75.951
675        74.7222         75.812
676        74.7222        75.9205
677        74.7222        75.7496
678        74.7222        75.6235
679        74.7222        75.9407
680        74.7222        75.7342
681        74.7222        76.0277
682        74.7222        75.7291
683        74.7222        76.0554
684        74.5259        75.2824
685        74.5259        75.0615
686        74.4294        74.6911
687        74.4294        74.5747
688        74.4294        74.5045
689        74.4294        74.4651
690        74.4294        74.4583
691        74.4294        74.4745
692        74.4294        74.4907
693        74.3445        74.5314
694        74.3445        74.4816
695        74.3445        74.4117
696        74.3445        74.3831
697        74.3445        74.3855
698        74.3445        74.3783
699        74.3445         74.433
700        74.3445        74.5769
701        71.4758         74.713
702        71.4758        74.1849
703        71.4758        73.4796
704        71.4758        74.1246
705        71.4758        74.5233
706        71.4758        74.2893
707        71.4758         74.854
708        71.4758        75.6429
709        71.4758        75.4962
710        71.4758        76.1924
711        71.4758        75.1148
712        71.4758        74.9196
713        71.4758        74.4165
714        71.4758        73.9659
715        71.4758        73.4782
716        71.4758        73.2911
717        71.4758        73.8586
718        71.4758        73.5864
719        71.4758        74.1036
720        71.4758        73.8849
721        71.4758        73.8076
722        71.4758        73.4687
723        71.4758        73.7182
724        71.4758        73.8154
725        71.4758        73.8928
726        71.4758        72.7085
727        71.4758        72.4005
728        71.4758        72.1032
729        71.4758        72.2482
730        71.4758        72.1724
731        71.4758        72.5271
732        71.4758        72.0798
733        71.4758        72.2525
734        71.4758        72.4165
735        71.4758        72.7028
736        71.4758        72.5356
737        71.4758        72.5486
738        71.4758         72.508
739        71.4758        72.7645
740        71.4758        72.5719
741        71.4758        72.6318
742        71.4758        72.7924
743        71.4758        72.4458
744        71.4758        72.3994
745        71.4758        72.4977
746        71.4758        72.5904
747        71.4758        73.0176
748        71.4758        73.0182
749        71.4758        73.1198
750        71.4758        73.0562
751        71.4758        72.8418
752        71.4758        72.8018
753        71.4758         72.867
754        71.4758        72.7548
755        71.4758        73.0473
756        71.4758        73.6388
757        71.4758        75.3866
758        71.4758        75.0629
759        71.4758          75.02
760        71.4758          74.26
761        71.4758        73.4983
762        71.4758        73.4072
763        71.4758        74.4701
764        71.4758        74.3419
765        71.4758        74.6185
766        71.4758        73.8317
767        71.4758        73.0903
768        71.4758        73.2344
769        71.4758        73.5841
770        71.4758        74.6549
771        71.4758        75.5731
772        71.4758         76.802
773        71.4758        74.2851
774        71.4758        73.3665
775        71.4758        73.4728
776        71.4758        74.9959
777        71.4758        74.3308
778        71.4758        74.1237
779        71.4758        74.6012
780        71.4758        74.1866
781        71.4758        73.4329
782        71.4758        73.0088
783        71.4758        72.5796
784        71.4758        72.4078
785        71.4758        72.7445
786        71.4758        73.1398
787        71.4758        73.8139
788        71.4758        74.2865
789        71.4758        74.7677
790        71.4758        72.9666
791        71.4758        74.0313
792        71.4758        74.2067
793        71.4758        73.9096
794        71.4758        74.1924
795        71.4758        75.4332
796        71.4758        75.3231
797        71.4758        77.7523
798        71.4758        76.3847
799        71.4758        75.0232
800        71.4758        75.5651
801        71.4758        73.8896
802        71.4758        73.3401
803        71.4758        74.8569
804        71.4758        74.4967
805        71.4758        72.6704
806        71.4758        74.0015
807        71.4758        73.3086
808        71.4758        74.6845
809        71.4758        73.5205
810        71.4758        73.6952
811        71.4758        73.3815
812        71.4758        72.3342
813        71.4758        72.2264
814        71.4758        72.0319
815        71.4758        72.0252
816        71.4758        72.0725
817        71.4758        71.9417
818        71.4758        71.9975
819        71.4758         71.878
820        71.4758        71.8668
821        71.4758        72.1679
822        71.4758           72.5
823        71.4758        73.1378
824        71.4758         75.501
825        71.4758        74.1357
826        70.4028        72.2885
827        70.4028        72.1665
828        70.4028        72.1329
829        70.4028        72.2368
830        70.4028        72.5563
831        70.4028        71.9561
832        70.4028        72.6197
833        70.4028        72.1728
834        70.4028        73.1002
835        70.4028        72.3488
836        70.4028        73.2206
837        70.4028        73.6383
838        70.4028        72.8874
839        70.4028        72.3191
840        70.4028        72.1905
841        70.4028        71.9052
842        70.4028        71.9784
843        70.4028         72.183
844        70.4028        73.8424
845        70.4028        74.6651
846        70.4028         73.961
847        70.4028        73.6394
848        70.4028         73.942
849        70.4028        74.0882
850        70.4028        72.4795
851        69.4803         72.464
852        69.4803        70.9873
853        69.4803        70.0971
854        69.4803        69.7363
855        69.4803         69.641
856        69.4803        69.6268
857        69.4803        69.7875
858        68.3698        69.8359
859        68.3698        69.5285
860        68.3698        69.0878
861        68.3698        68.8854
862        68.3698        68.8642
863        68.3698        68.7744
864        68.3698        68.9887
865        68.3698        68.7604
866        68.3698        68.6586
867        68.3698        68.6844
868        68.3698        68.6964
869        68.3698         68.818
870        68.3698        68.9185
871        68.3698           69.6
872        68.3698        69.2184
873        68.3698        69.4369
874        68.3698        70.5274
875        68.3698        72.3937
876        68.3698        71.5576
877        68.3698        70.2321
878        68.3698        71.5064
879        68.3698        71.5261
880        68.3698        69.8679
881        68.3698        69.0349
882        68.3698        68.9565
883        68.3698         69.397
884        68.3698        69.6018
885        68.3698        70.1833
886        68.3698        70.4595
887        68.3698        70.8547
888        68.3698        69.7319
889        68.3698         69.334
890        68.3698        70.0428
891        68.3698        70.6122
892        68.3698        72.9592
893        68.3698        74.0159
894        68.3698          72.97
895        68.3698        72.5983
896        68.3698        71.6352
897        68.3698        70.5981
898        68.3698        70.4781
899        68.3698        70.2321
900        68.3698         71.011
901        68.3698        69.5261
902        68.2972         68.647
903        67.4613        68.5205
904        67.4613         68.272
905        67.4613        67.9618
906        67.4613        67.8504
907        67.1884        67.8501
908        66.9208        67.6577
909        66.9208          67.38
910        66.9208         67.174
911        66.9208        67.0371
912        66.8409        67.0063
913        66.8409        66.9804
914        66.8327         66.921
915        66.8327        66.8695
916        66.8327        66.8466
917        66.8327        66.8358
918        66.8327        66.8424
919        66.8327        66.8412
920        66.8327        66.8393
921        66.8327        66.8421
922        66.8327        66.8787
923        66.8327        66.8688
924        66.8327        66.8487
925        66.8327        67.2102
926        66.8327        66.8635
927        66.8327        67.4011
928        66.8327        67.2963
929        66.8327        67.3701
930        66.8327        67.2705
931        66.8327         67.476
932        66.8327        67.0254
933        66.8327        67.1867
934        66.8327        67.6563
935        66.8327        67.4054
936        66.8327        67.4141
937        66.8327        67.4903
938        66.8327        67.4864
939        66.8327        68.3337
940        66.8327        67.5699
941        66.8327        68.2783
942        66.8327        68.7381
943        66.8327           68.6
944        66.8327        68.2875
945        66.8327        68.5025
946        66.8327        69.4972
947        66.8327        70.5485
948        66.8327         69.874
949        66.8327        69.5614
950        66.8327        68.6499
951        66.8327        69.0612
952        66.8327        69.6863
953        66.8327        69.1883
954        66.8327        68.6868
955        66.8327        68.3921
956        66.8327        68.4937
957        66.8327        69.0877
958        66.7428        69.7116
959        66.7428        67.8704
960        66.7428        66.9476
961        66.7428        66.8985
962        66.7428        66.7861
963        66.7428        66.7848
964        66.7428        66.9924
965        66.7428        67.0254
966        66.7428         67.015
967        66.7428        67.1841
968        66.7428          67.57
969        66.7428        67.4301
970        66.7428        67.6084
971        66.7428        67.5401
972        66.7428        67.3089
973        66.7428        68.5701
974        66.7428        68.2735
975        66.7428        68.2376
976        66.4103        67.5664
977        65.9709        66.8849
978        65.9709        66.4779
979        65.8202        66.2646
980        65.8202        66.1092
981        65.7387        65.9866
982        65.7387        65.8766
983        65.7387        65.8119
984        65.7387        65.7715
985        65.7387         65.763
986        65.7387        65.7653
987        65.7387        65.7693
988        65.7387        65.7713
989        65.7387        65.7671
990        65.7387        65.8097
991        65.7387        65.7906
992        65.7387        65.7952
993        65.7387        66.0179
994        65.7387        65.8047
995        65.7387         65.794
996        65.7387        65.8035
997        65.7387         65.916
998        65.7387        66.0694
999        65.7387        66.0824
1000        65.7387        66.8036
1001        64.5604         65.699
1002        64.3032         65.344
1003        64.3032        64.9817
1004        64.3032        64.7566
1005        64.3032        64.5767
1006        64.3032        64.4937
1007        64.3032         64.397
1008        64.3032        64.3949
1009        64.3032        64.4326
1010        64.3032        64.4452
1011        64.3032        64.4522
1012        64.3032        64.4427
1013        64.3032        64.4992
1014        64.3032        64.6262
1015        64.3032        65.5322
1016        64.3032        65.0688
1017        64.3032        65.2727
1018        64.3032        66.0147
1019        64.3032        65.5599
1020        64.3032        67.1039
1021        64.3032        66.0132
1022        64.3032        66.8463
1023        64.3032        66.0551
1024        64.3032             66
1025        64.3032        66.0501
1026        64.3032        65.7494
1027        64.3032        65.1668
1028        62.7075        65.0239
1029        62.7075        64.4862
1030        62.7075        63.8836
1031        62.7075        63.5528
1032        62.7075        63.4629
1033        62.7075        63.2513
1034        62.7075        63.3092
1035        62.7075        63.1759
1036        62.7075        63.2125
1037        62.7075         63.233
1038        62.7075        63.3669
1039        62.7075        63.7869
1040        62.7075        63.6404
1041        62.7075        63.6828
1042        62.7075          63.46
1043        62.7075        63.9778
1044        62.7075        64.7219
1045        62.7075        65.2278
1046        62.7075        65.5376
1047        62.7075        64.3064
1048        62.7075        64.7791
1049        62.7075          64.26
1050        62.7075        65.5735
1051        62.7075        65.5538
1052        62.7075        66.2198
1053        62.7075        65.7905
1054        62.7075        65.6149
1055        62.7075        65.8594
1056        62.7075        65.1006
1057        62.7075        64.0923
1058        62.7075        64.4721
1059        62.7075        64.7156
1060        62.7075        64.6277
1061        62.7075        66.2471
1062        62.7075        65.0753
1063        62.7075        64.5076
1064        62.7075        64.2125
1065        62.7075        63.9006
1066        62.7075        63.8413
1067        62.7075        63.5847
1068        62.7075        63.5791
1069        62.7075        63.7809
1070        62.7075        63.9675
1071        62.7075        64.1579
1072        62.7075        65.0735
1073        62.7075        64.0593
1074        62.7075        63.4046
1075        62.7075         63.318
1076        62.7075        63.1383
1077        62.7075        63.2494
1078        62.7075         63.203
1079        62.7075        63.0978
1080        62.7075         63.078
1081        62.7075        62.9939
1082        62.7075        63.0124
1083        62.7075        63.3053
1084        62.7075        63.7921
1085        62.7075        63.2633
1086        62.7075        63.5874
1087        62.7075        63.8689
1088        62.7075        63.2488
1089        62.7075        63.1426
1090        62.7075        63.4937
1091        62.7075        63.1326
1092        62.7075        63.4261
1093        62.7075        63.3941
1094        62.7075        63.9594
1095        62.7075        63.2165
1096        62.7075        63.2597
1097        62.7075        63.6505
1098        62.7075        64.7079
1099        62.7075         68.721
1100        62.7075        66.7196
1101        62.7075        64.2418
1102        62.7075         64.014
1103        62.7075        65.4819
1104        62.7075        65.0364
1105        62.7075        64.4493
1106        62.7075        64.9627
1107        62.7075         64.854
1108        62.7075        65.4034
1109        62.7075        66.4547
1110        62.7075        64.1838
1111        62.7075        66.5217
1112        62.7075        65.5274
1113        62.7075        65.0034
1114        62.7075        66.6665
1115        62.7075         67.191
1116        62.7075        65.2782
1117        62.7075        65.8163
1118        62.7075        67.2686
1119        62.7075        68.0043
1120        62.7075        67.2089
1121        62.7075        67.1981
1122        62.7075        65.7234
1123        62.7075        65.8594
1124        62.7075        66.0203
1125        62.7075        65.5538
1126        62.7075        64.5547
1127        62.7075        65.9453
1128        62.7075        65.3003
1129        62.7075         65.219
1130        62.7075        65.3323
1131        62.7075        64.9503
1132        62.7075        65.3995
1133        62.7075        65.3653
1134        62.7075        64.1342
1135        62.7075        64.9235
1136        62.7075         64.802
1137        62.7075        64.5604
1138        62.7075        64.0599
1139        62.7075        64.5495
1140        62.7075        64.5228
1141        62.7075        64.1722
1142        62.7075        64.4669
1143        62.7075        64.1764
1144        62.7075         63.836
1145        62.7075        63.7725
1146        62.7075        63.4991
1147        62.7075        63.4639
1148        62.7075        63.5453
1149        62.7075        63.4323
1150        62.7075        63.0135
1151        62.7075        63.6137
1152        62.7075        63.8937
1153        62.7075        64.0411
1154        62.7075        64.0023
1155        62.7075        64.9234
1156        62.7075         63.915
1157        62.7075        63.2884
1158        62.7075          63.66
1159        62.7075        63.7935
1160        62.7075        64.1004
1161        62.7075        63.7698
1162        62.7075        64.2137
1163        62.7075        63.6661
1164        62.7075        64.2037
1165        62.7075        64.1321
1166        62.7075        63.6593
1167        62.7075        64.1446
1168        62.7075        63.7652
1169        62.7075        64.0752
1170        62.7075        63.5505
1171        62.7075        63.6667
1172        62.7075         63.985
1173        62.7075        63.6468
1174        62.7075        64.0641
1175        62.7075        63.8497
1176        62.6871        63.5591
1177        62.6871        62.7075
1178        62.6871        62.6963
1179        62.6871        62.7773
1180        62.6871        62.7659
1181        62.6871        62.6951
1182        62.6871        62.6934
1183        62.6871        62.6935
1184        62.6871        62.6935
1185        62.6871        62.6937
1186        62.6871        64.3163
1187        62.6871         63.548
1188        62.6871        62.9183
1189        62.6871        64.2074
1190        62.4341        64.2839
1191        62.4341        63.0664
1192        62.4341         62.602
1193        62.4341        62.5476
1194        62.4341        62.5338
1195        62.4341        62.5254
1196        62.4341        62.5138
1197        62.4341        62.5275
1198        62.4341        62.5239
1199        62.4341        62.8206
1200        62.4341        63.4459
