Generation  Best distance  Mean distance
1        2428.64        2815.82
2        2325.27        2653.66
3        2196.31         2515.5
4        2147.64        2415.36
5        2046.69         2326.4
6        2046.69        2235.12
7        1932.44        2165.92
8        1878.19        2103.98
9        1769.86        2028.87
10        1681.78        1966.64
11        1667.41        1904.75
12        1660.32        1849.02
13         1511.4        1757.76
14        1496.83        1685.81
15        1496.83        1621.98
16        1454.62        1565.69
17        1438.58        1518.45
18        1402.42        1480.13
19         1354.9        1451.53
20        1312.68        1414.02
21        1269.33        1376.46
22        1245.73        1342.06
23        1183.58        1308.36
24        1180.46        1264.83
25        1147.15        1224.22
26        1144.29        1191.54
27        1126.81        1168.36
28        1104.08        1156.75
29        1097.54        1142.16
30        1068.17        1129.65
31        1050.15        1116.91
32        1050.15         1097.2
33        1045.97         1078.5
34         1042.1        1059.64
35         1035.1        1051.53
36        1012.71        1045.13
37        1008.53         1039.7
38        1004.12        1029.67
39        997.582        1016.08
40        980.066        1005.37
41        980.066        1001.69
42        972.905        996.331
43        952.729        992.948
44        952.729        985.179
45        933.616        974.204
46        931.842        963.537
47        923.349        955.235
48        910.808        944.614
49         894.06        937.896
50        876.864        928.741
51        870.004        921.183
52        851.412          905.1
53        851.258        891.181
54         844.38        883.365
55         844.38        874.572
56        837.988         865.94
57        836.563        855.533
58        822.888        847.399
59        800.813        839.987
60        789.556        827.324
61        789.556         816.92
62        786.456         804.85
63         777.74        801.518
64         776.78        794.591
65         776.78        789.793
66        759.965        787.425
67        752.884        796.083
68        752.004        798.302
69        744.922        785.088
70        742.141        772.588
71        742.141        765.688
72        739.898         755.35
73        739.898        745.826
74        737.117         743.88
75        731.949        742.355
76         725.34        739.883
77         725.34         736.88
78        717.232        734.313
79        717.232        729.104
80        717.232        723.316
81        717.232        721.883
82        713.179        720.874
83        696.367        718.023
84        696.367        715.299
85        690.093        710.732
86        690.093        703.368
87        680.796        697.643
88        680.796        693.096
89        677.038        686.396
90        661.633        683.064
91         651.18        678.446
92        647.347        670.166
93        645.803        662.148
94        637.386        653.766
95        637.386        648.796
96        631.786        644.796
97        623.369        641.642
98        622.261         638.39
99        613.036        633.124
100        612.437        627.634
101        608.504        621.002
102        608.504        616.781
103        606.709        613.847
104        606.709        611.469
105        595.077        609.798
106        595.077        607.747
107        595.077        604.249
108        594.239        600.214
109        590.967        599.317
110         574.37        598.113
111        573.675        595.235
112        569.504        592.612
113        566.761        591.277
114        565.168        586.409
115        565.168        581.313
116         561.49        584.953
117        557.941        575.805
118        556.625        574.965
119        541.345        570.832
120        521.972        558.315
121        521.972        550.149
122        521.972        543.893
123        515.801        536.021
124        515.801        529.955
125        515.801        523.829
126          510.4        520.411
127        504.229        517.514
128        504.229        514.635
129        504.229         511.68
130        504.229        509.265
131        504.229        508.994
132        499.506        508.233
133        495.864         507.04
134        495.864        503.177
135        494.418        500.733
136         492.61        498.964
137        490.841         496.55
138        490.841        494.764
139        485.433        493.365
140        481.339        491.956
141         476.95        489.411
142        470.459        486.053
143        454.368        482.442
144        438.309        480.255
145        438.309        475.482
146        432.725        461.738
147        431.876        452.386
148        427.862        442.156
149        427.862        435.295
150        427.862        431.601
151        427.167        429.882
152        424.479        428.739
153        423.784        427.454
154        421.747        426.193
155        420.712          425.3
156        420.712        423.863
157        414.337        422.676
158        411.265        421.105
159        411.265        418.784
160        410.571        415.883
161        401.447        412.338
162        401.447        409.471
163        401.447        406.737
164        397.431        404.506
165        396.737        402.642
166        396.737        400.663
167        396.737        399.568
168        396.737        398.922
169        394.933        398.503
170        386.187        397.632
171        384.383        395.876
172        383.627        392.631
173        381.823        388.809
174        381.823        386.097
175        381.823        383.703
176        365.663        382.938
177        365.663        381.775
178        365.051        377.601
179        361.426        372.093
180        354.595        365.896
181        354.595        363.456
182        354.595        360.629
183        353.842        358.914
184        353.842        357.469
185        353.253        355.371
186        353.253        354.267
187        353.253         353.84
188        346.746        353.571
189        346.746        353.055
190        346.746        351.464
191        346.157         350.08
192        346.157        348.624
193        346.157         346.63
194        346.157        346.386
195        340.157        346.302
196        339.568        345.776
197        339.568        343.805
198        339.568         341.87
199        339.568        341.502
200        339.568        341.542
201        339.568        341.209
202        339.568        342.239
203        339.568        341.843
204        339.568        341.439
205        339.568        341.049
206        337.806        342.863
207        337.806        342.003
208        336.961        341.375
209        336.961        338.379
210        336.273        337.971
211        333.959        338.056
212        333.959        342.717
213        333.959        342.536
214        327.712        342.766
215        327.712         338.31
216        327.712        335.549
217        313.042        333.715
218        313.042        332.407
219         310.44        326.727
220        309.756         323.66
221        309.756        322.644
222        308.126        325.354
223        308.126        331.174
224        308.126        332.018
225        308.126        328.706
226        308.126        324.069
227        308.126        322.614
228        308.126        321.271
229        308.126        319.966
230        300.388        315.441
231        300.388        312.224
232        297.397        306.122
233        297.397        304.542
234        297.397        301.793
235        295.495        299.624
236        293.969          298.7
237        293.969        297.347
238        293.865        296.212
239        293.821         295.06
240         291.51        294.707
241         291.51        293.844
242        286.307        293.098
243        283.909        291.861
244        283.909         289.21
245        283.909        286.768
246        283.909        284.786
247        281.567        284.396
248        281.567        283.963
249        277.854        283.524
250        275.468         282.14
251        275.468        279.709
252        274.478        278.321
253        240.832         276.93
254        239.841        272.478
255        237.912        262.054
256        237.912        250.859
257        237.912        243.922
258        237.912        241.359
259        237.912        240.455
260        237.321        239.447
261        236.856        238.955
262        229.847        237.936
263        229.847         236.74
264        228.791        235.172
265        228.791         232.88
266        228.633         230.36
267        225.981        229.798
268        225.981        228.732
269        224.986        227.869
270        223.349        227.183
271        223.335        226.181
272        223.335        224.686
273        219.117        223.977
274        219.117        223.127
275        217.614        221.583
276        217.614        220.691
277        215.581        219.784
278        215.581        218.175
279        215.485         217.38
280        215.485        216.383
281        213.353        215.853
282        213.353         215.28
283        212.791        214.675
284        211.722        214.002
285        209.494        213.386
286        208.646        212.455
287        208.646        211.114
288        206.577        210.421
289        206.577        209.244
290        206.577        208.079
291        206.577        207.401
292        206.577        207.294
293        206.577        207.632
294        206.577        208.795
295        206.577        208.848
296        206.577        207.997
297        206.577        207.553
298        206.577        208.301
299        205.608        208.841
300        205.608        208.079
301        205.608        206.499
302        205.608        206.175
303        205.608        206.126
304        205.608        206.209
305        196.454        206.242
306        195.485        205.251
307        195.485        203.289
308        195.485        200.962
309        193.098        199.389
310        193.098        197.795
311        193.098        195.092
312        193.098        194.295
313        192.673        194.073
314        192.673        193.678
315        192.673        193.294
316        192.042            193
317        190.718        192.763
318        190.718        192.333
319        186.681        191.723
320         186.05        190.717
321         186.05        188.796
322         186.05        187.289
323        185.739        186.418
324        184.655          186.2
325        184.655        185.915
326        184.655        185.721
327        184.655        185.495
328        183.994        185.168
329        183.994        185.116
330        183.994        184.639
331        183.994        184.383
332        183.994        184.404
333        183.251        184.388
334        183.251        184.189
335        183.251         184.13
336        182.835        183.793
337        182.835        183.402
338        182.835        183.152
339        182.835         183.01
340        182.835        183.008
341        182.835        183.012
342        182.835        182.973
343        182.835        183.097
344        182.835        183.381
345        178.384        183.031
346        177.968        182.362
347        177.968        180.736
348        177.968        179.295
349        177.968        178.447
350        176.194        178.176
351        176.194        177.893
352        175.204         177.34
353        174.931        176.619
354         174.27        175.882
355        173.631         175.07
356        173.631        174.458
357        173.631        174.054
358        173.631        173.908
359         172.53        173.886
360        171.869        173.725
361        170.182        173.363
362        169.521         172.69
363        169.521        172.202
364        169.521        170.982
365        169.521        172.183
366        169.521        174.122
367        169.521        175.614
368        169.521        178.499
369        169.521        175.889
370        169.521        177.949
371        169.521          177.2
372        169.521        174.658
373        169.521        172.607
374        169.521        170.535
375        169.521        170.673
376        169.521        170.655
377        169.521        171.395
378        169.521        171.066
379        169.521        171.234
380        169.521        171.622
381        169.521        171.319
382        169.521        172.872
383        169.306        172.338
384        167.964        172.407
385        167.964        169.774
386         167.88        168.977
387        167.676        168.556
388        167.676        168.263
389        167.676        167.867
390        167.676        167.758
391        167.676        167.739
392         167.02        167.743
393         167.02        167.687
394         167.02        167.471
395        166.218        167.341
396        164.568        167.031
397        164.266        166.389
398        164.062        165.444
399        164.062         164.75
400        164.062        164.311
401        164.062        164.195
402        164.062        164.159
403        164.062        164.145
404        164.062        164.143
405        160.936        164.129
406        160.732        163.906
407        160.732        162.941
408        156.957        162.075
409        156.957        161.294
410        156.957        159.659
411        156.957        158.806
412        156.957        158.084
413        156.957        157.868
414        156.957        157.921
415        156.957        157.913
416        152.628        158.057
417        152.628        157.339
418        152.423        155.608
419        152.423        153.989
420        152.423        153.275
421        151.421         152.99
422        151.372        152.703
423        150.998        152.357
424        148.152        151.734
425        146.726         151.09
426        146.726        149.974
427        145.987        148.245
428        145.987        147.205
429        145.987        146.704
430        145.987        146.516
431        145.987        146.325
432        145.987        146.355
433        145.987        146.776
434        145.987        147.522
435        145.987        149.097
436        145.987         149.16
437        145.987        149.735
438        145.987        152.414
439        145.987        149.829
440        145.987        149.767
441        145.987        148.663
442        145.987        149.548
443        145.987         149.52
444        145.987        149.322
445        145.987        148.725
446        145.987        149.417
447        145.987        150.274
448        145.987        154.048
449        145.987        151.341
450        145.987         152.46
451        145.987        150.106
452        145.987        154.106
453        145.987        153.826
454        145.987        155.222
455        145.987        153.386
456        145.987         151.23
457        145.987        152.741
458        145.987        152.446
459        145.987        152.401
460        145.987        152.277
461        145.987        152.694
462        145.987        151.523
463        143.755        151.161
464        143.755        150.428
465        143.755        146.776
466        143.755        145.149
467        142.091        144.606
468        142.091        144.302
469        142.091        143.291
470        142.091        142.832
471        142.005        142.725
472        142.005        142.668
473        142.005        142.445
474        142.005        142.266
475        142.005        142.191
476        142.005        142.089
477        142.005        142.325
478        142.005        142.375
479        142.005        142.402
480        142.005         143.17
481        142.005        145.114
482        142.005        144.413
483        142.005        143.537
484        142.005        144.033
485        142.005        144.137
486        142.005        143.151
487        142.005        146.617
488        142.005        146.362
489        141.846        145.505
490        141.846        144.666
491        137.757        142.157
492        137.157        141.976
493        137.157        141.066
494        137.157        140.483
495        137.157        139.051
496        137.157        138.532
497        137.157        137.972
498        137.157        138.188
499        137.157        138.302
500        136.008        139.411
501         135.85        138.467
502         135.85         136.78
503         135.85        136.243
504         135.85        136.089
505         135.85        136.124
506         135.85        136.151
507         135.85        136.153
508        135.424        136.113
509        135.424        136.012
510        135.424        135.715
511        135.424        135.703
512        135.424         135.65
513        135.424         135.89
514        135.424        135.978
515        134.884        136.291
516        134.884        135.969
517        134.884        135.299
518        134.884          135.1
519        134.884        135.081
520        134.884         135.11
521        134.884        135.168
522        134.884        135.169
523        134.884        135.264
524        134.884        136.696
525        134.884        136.501
526        134.884        136.021
527        134.884        135.786
528        134.884         136.34
529        134.884        136.199
530        133.152        135.819
531        132.611        136.186
532        132.611        135.518
533        132.611        135.422
534        132.611        134.191
535        132.611        135.419
536        132.611        136.243
537        132.376        137.401
538        132.376        135.435
539        131.674        133.487
540        131.674        132.681
541        131.439        132.258
542        131.439        131.918
543        131.439          131.7
544        131.439        131.589
545        131.439        131.521
546        131.439        131.502
547        131.439          131.5
548        131.439        131.562
549        131.439        131.575
550        131.439        131.601
551        131.439        131.556
552        131.439        131.626
553        131.439        131.632
554        131.439        131.766
555        131.439        133.353
556        131.439        134.954
557        131.439        133.717
558        131.439        133.822
559         131.05        132.638
560         131.05        132.092
561         131.05        131.631
562         131.05        131.384
563         131.05        131.719
564         131.05        132.278
565         131.05        131.543
566         131.05         132.63
567         131.05        134.389
568         131.05        133.221
569         131.05        133.013
570         131.05        132.111
571         131.05        131.452
572         131.05        131.387
573         131.05        132.058
574         131.05        131.343
575         131.05        131.517
576         131.05        131.865
577        130.717        131.776
578        130.717         131.27
579        130.717        130.967
580        130.717        130.951
581        130.717        130.856
582        130.717        130.836
583        130.717        130.846
584        130.717        130.874
585        130.717        130.857
586        130.717        130.926
587        127.988        130.833
588        127.988        130.591
589        127.988         129.68
590        126.684        129.096
591        126.684        128.539
592        126.684        127.781
593        126.684        127.285
594        126.684        127.049
595        126.684            127
596        126.684        127.056
597        126.684        126.947
598        126.684        126.972
599        126.684        127.082
600        126.684         130.15
601        126.684        128.445
602        126.684        128.453
603         125.08        128.139
604         125.08        127.006
605         124.98        126.431
606         124.98        125.935
607         124.98        125.431
608         124.98        125.353
609         124.98        125.205
610         124.98        125.363
611         124.98        125.605
612         124.98        125.662
613        123.196        125.471
614        123.196        124.949
615        123.196        124.295
616        122.985        124.561
617        122.985        123.905
618        122.985        123.383
619        122.985        123.852
620        122.024        123.647
621        122.024        123.236
622        122.024        122.628
623        121.998        122.488
624        121.998        122.227
625        121.998         122.04
626        121.814        122.009
627        121.814        121.995
628        121.814        122.032
629        121.556        122.334
630        121.556        122.752
631        121.556        122.264
632        121.556        121.991
633        120.442        121.831
634        120.442        121.523
635        120.442        121.169
636        120.442        120.946
637        120.442        120.823
638        120.442        120.882
639        120.442        120.984
640        120.442        121.311
641        120.442        121.514
642        120.442        120.938
643        120.442        121.139
644        120.314        120.859
645        120.314        120.596
646        119.913        120.384
647        119.913        120.299
648        119.913        120.141
649        119.913        120.065
650        119.913        120.049
651        119.913         120.04
652        119.913        120.015
653        119.913        120.052
654        119.913        120.058
655        119.913        120.122
656        119.913        120.117
657        119.845        120.066
658        119.845         119.98
659        119.845        119.939
660        119.845        119.884
661        119.845        119.873
662        119.845        119.879
663        119.845        119.881
664        119.845        119.878
665        119.845        120.035
666        119.845        120.056
667        119.451        120.057
668        118.635        120.081
669        118.635        119.624
670        118.635        119.158
671        117.746        118.895
672        117.513        118.747
673        116.766        118.496
674        115.895         118.18
675        115.499        117.451
676        114.971        116.643
677         114.96        116.049
678        114.433        115.536
679        114.433        115.185
680        114.433        114.882
681        114.433        114.731
682        114.433          114.7
683        114.433        114.678
684        113.987        114.654
685        113.381        114.574
686        113.381        114.401
687        113.381         114.05
688        113.381        113.742
689        113.381        113.649
690        113.381        113.667
691        113.381        113.653
692        113.381        113.619
693        113.381        113.649
694        113.381        113.608
695        113.381        113.606
696        113.381        113.791
697        113.381            114
698        113.381        113.793
699        113.381        113.637
700        113.381         113.76
701        113.381        113.732
702        113.381         113.87
703        113.381        113.686
704        113.381        113.774
705        113.381        113.654
706        113.381        114.034
707        113.381        114.054
708        113.381        114.356
709        113.381        115.304
710        113.381        115.005
711        113.381        114.812
712        113.381        115.397
713        113.381        115.575
714        113.381        116.186
715        113.381        117.563
716        113.381        116.538
717        113.381        115.536
718        113.381        114.506
719        113.381        115.175
720        113.381        114.858
721        113.226        114.772
722        113.226          114.5
723        111.961        113.378
724        111.807        113.168
725        111.626        112.796
726        111.471        112.395
727        111.471        111.935
728        111.471        111.673
729        109.135        111.577
730        109.135        111.238
731        109.135        110.457
732        107.751        109.831
733        107.751        109.357
734        107.751        108.549
735        107.349        108.167
736        107.349        107.919
737        107.349        107.654
738        107.349         107.57
739        107.349        107.631
740        107.349        107.617
741        107.349        107.478
742        107.349        107.477
743        107.349         107.55
744        107.349        107.583
745        107.349        107.574
746        107.349        107.489
747        107.349        107.487
748        107.349        107.503
749        107.349        107.499
750        107.349        107.557
751        107.349        107.655
752        107.349        107.777
753        107.349        108.509
754        107.349        107.724
755        107.349        108.038
756        107.349        108.747
757        107.349          109.7
758        106.723        109.583
759        106.723         108.22
760        106.723        107.383
761        106.723        107.089
762        106.723        107.019
763        106.723        107.154
764        106.723        107.677
765        106.723        107.852
766        106.723        107.792
767        106.723        107.979
768        106.723        107.317
769        106.723        107.152
770        106.723        107.249
771        106.723        108.654
772        106.723        107.831
773        106.723        109.008
774        106.723        107.758
775        106.723        108.182
776        106.723         107.72
777        106.262        107.738
778        106.262        107.324
779        106.262        106.666
780        106.262        106.684
781        106.262         106.47
782        106.262        106.432
783        106.262        106.426
784        106.262        106.561
785        106.262        106.625
786        106.262         106.59
787        105.965        106.975
788        105.965        106.601
789        105.965          106.2
790        105.965        106.093
791        105.965        106.103
792        105.965        106.068
793        105.965        106.066
794        105.965        106.065
795        105.965        106.267
796        105.965        107.351
797        105.965        107.677
798        105.965         107.28
799        105.965        107.092
800        105.965        106.873
801        105.965        107.135
802        105.423        107.121
803        105.423        106.606
804        105.423         105.85
805        105.423        105.824
806        105.423        106.007
807        105.423        106.128
808        105.423        106.357
809        105.423        106.584
810        105.423        107.742
811        105.423        110.476
812        105.423        108.505
813        105.423        109.934
814        105.423        109.348
815        105.423        107.197
816        105.423        109.074
817        105.423         108.95
818        105.423        111.373
819        105.423        111.324
820        105.423        111.004
821        105.423        111.217
822        105.423        110.832
823        105.423        112.171
824        104.482        111.727
825        103.221        107.149
826        101.679        105.313
827        101.679        104.165
828        101.679        103.285
829        101.679         102.67
830        101.679        102.504
831        101.679        102.599
832        101.679        102.644
833        101.679        102.848
834        101.679         102.49
835        101.679        102.524
836        101.679         102.98
837        101.679        103.151
838        101.679        102.839
839        101.679         102.87
840        101.679        104.301
841        101.679        103.407
842        101.679         105.05
843        101.679        108.264
844        101.679        109.458
845        101.679        106.578
846        101.679        105.623
847        101.679        104.182
848        101.679        103.772
849        101.679        104.098
850        101.679         104.17
851        101.679        103.472
852        101.679        103.879
853        101.679        103.944
854        101.679        103.392
855        101.679        105.211
856        101.679        104.314
857        101.679        103.568
858        101.679        105.009
859        101.679        104.538
860        101.679        103.564
861        101.679        103.702
862        101.679        105.054
863        101.679        104.395
864        101.679        104.931
865        101.679        107.428
866        101.679        107.475
867        101.679        105.798
868        101.679        107.562
869        101.679        106.187
870        101.679        105.203
871        101.679        106.744
872        101.679        104.814
873        101.679        105.328
874        101.679        105.401
875        101.679        103.762
876        101.679        102.929
877        101.679        102.963
878        101.679        102.706
879        101.679        102.137
880        101.679        101.933
881        100.175        101.924
882        100.175        101.678
883        100.175        101.111
884        100.175        100.719
885        100.175        100.661
886        100.175        100.617
887        100.175        100.578
888        100.175        100.741
889        100.175        100.863
890        100.175        100.869
891        100.175        100.666
892        100.175        100.598
893        100.175        100.552
894        100.175        100.672
895        100.175        100.679
896        100.175        100.472
897        100.175        100.693
898        100.175        100.666
899        100.175        100.579
900        100.175        101.218
901        100.175        101.051
902        100.175        101.366
903        100.175        101.125
904        99.0434        102.193
905        99.0434        100.726
906        99.0434        100.104
907        99.0434        99.6467
908        99.0434         99.522
909        99.0434        99.4398
910        99.0434        99.3752
911        99.0132        99.6149
912        99.0132        99.4538
913        99.0132        99.1635
914        99.0132        99.0721
915        99.0132         99.038
916        99.0132        99.0414
917        99.0132        99.0217
918        99.0132        99.0233
919        99.0132        99.0695
920        99.0132        99.0732
921        99.0132        99.0639
922        99.0132        99.0378
923        99.0132        99.1267
924        99.0132        99.2857
925        99.0132        99.2786
926        99.0132        99.1075
927        99.0132        99.0609
928        99.0132        99.1325
929        99.0132        99.1353
930        99.0132        99.4236
931        99.0132        99.8183
932        99.0132        99.5207
933        99.0132        100.366
934        99.0132        99.7543
935        99.0132        99.9312
936        99.0132        99.7925
937        99.0132        99.6265
938        99.0132        99.5276
939        98.7649        99.6454
940        98.7649        99.4265
941        98.7649        98.9886
942        98.7649        98.8771
943        98.7649        98.8989
944        98.7649        98.8555
945        98.7649        98.8461
946        98.7649         98.851
947        98.7649         98.847
948        98.7649        99.2334
949        98.7649        99.2079
950        98.7649        99.4446
951        98.7649        99.9699
952        98.7649        100.208
953        98.7649        101.309
954        98.7649        101.323
955        98.6173        104.706
956        98.6173        101.748
957        98.6173         99.023
958        98.6173        100.014
959        98.6173        100.261
960        98.6173        99.7973
961        98.6173        100.185
962        98.6173        100.268
963        98.6173        99.8664
964        98.6173        100.194
965         98.197        99.2366
966         98.197        98.9281
967         98.197        98.5818
968         98.197        98.4235
969         98.197         98.372
970         98.197        98.3769
971         98.197        98.3648
972         98.197        98.3382
973         98.197        98.5402
974         98.197        98.9911
975         98.197        98.9293
976         98.197        99.3333
977         98.197        99.8097
978         98.197        101.629
979         98.197        102.828
980         98.197        105.845
981         98.197        104.482
982         98.197        102.769
983         98.197        103.117
984         98.197        100.567
985         98.197        100.137
986         98.197        100.985
987         98.197         103.94
988         98.197        103.762
989         98.197          102.3
990         98.197        102.105
991         98.197        102.675
992         98.197        102.436
993         98.197        101.963
994         98.197        104.594
995         98.197        101.869
996         98.197        101.644
997         98.197        104.556
998         98.197        102.654
999         98.197        101.373
1000         98.197        103.187
1001         98.197        101.926
1002         98.197        100.224
1003         98.197        100.585
1004         98.197        99.3795
1005         98.197        100.291
1006         98.197        100.488
1007         98.197         100.87
1008         98.197        100.836
1009         98.197        100.941
1010         98.197        100.246
1011         98.197        101.328
1012         98.197         99.534
1013         98.197        99.7849
1014         98.197        101.094
1015         98.197        101.151
1016         98.197        101.971
1017         98.197        103.335
1018         98.197        100.942
1019         98.197        99.4508
1020         98.197        99.7809
1021         98.197        99.2506
1022         98.197        99.0691
1023         98.197        99.1868
1024         98.197        99.0735
1025         98.197        99.5529
1026         98.197        99.6616
1027         98.197        99.3337
1028         98.197         100.56
1029         98.197        100.457
1030         98.197        101.309
1031         98.197        100.757
1032         98.197        101.441
1033         98.197        100.827
1034         98.197        100.195
1035         98.197         99.876
1036         98.197        99.0847
1037         98.197        99.9262
1038         98.197        100.402
1039         98.197        99.0104
1040         98.197        98.9533
1041         98.197        98.7073
1042         98.197        99.7281
1043         98.197        99.5949
1044         98.197        99.0044
1045         98.197        98.9398
1046         98.197        99.2161
1047         98.197        99.4455
1048         98.197        99.4115
1049         98.197        100.602
1050         98.197        100.136
1051         98.197         99.636
1052         98.197        99.7973
1053         98.197          99.91
1054         98.197        99.7427
1055         98.197        101.261
1056         98.197         100.79
1057         98.197        101.806
1058         98.197        99.5945
1059         98.197        99.5868
1060         98.197        99.5553
1061         98.197        100.033
1062         98.197        99.0435
1063         98.197        99.9568
1064         98.197        99.7921
1065         98.197        102.313
1066         98.197        101.377
1067         98.197        99.8247
1068         98.197        99.6082
1069         98.197        100.888
1070         98.197        99.6189
1071         98.197        99.3326
1072         98.197        99.0928
1073         98.197        99.0657
1074         98.197         99.098
1075         98.197        99.1964
1076         98.197        99.2879
1077         98.197        99.8282
1078         98.197        101.303
1079         98.197        101.939
1080         98.197        102.045
1081         98.197        101.716
1082         98.197        101.361
1083         98.197         101.62
1084         98.197         101.59
1085         98.197        100.789
1086         98.197        100.572
1087        96.8159        101.495
1088        96.8159        99.5626
1089        96.8159        98.0866
1090        96.8159        97.4136
1091        96.8159        97.4778
1092        96.8159        97.2974
1093        96.8159        97.8981
1094        96.8159        97.9667
1095        96.8159        98.4404
1096        96.8159        100.023
1097        96.8159        98.0757
1098        96.8159        98.2388
1099        96.8159        98.4706
1100        96.8159        99.4363
1101        96.8159        98.7313
1102        96.8159        97.9609
1103        96.8159        98.1273
1104        96.8159        97.5538
1105        96.8159         98.979
1106        96.8159        99.7561
1107        96.8159        100.354
1108        96.8159        98.5596
1109        96.8159        99.2423
1110        96.8159        98.2501
1111        96.8159        100.221
1112        96.8159        100.708
1113        96.8159        100.726
1114        96.8159        97.6543
1115        96.8159        98.4163
1116        96.8159        98.2813
1117        96.8159        99.1731
1118        96.8159        100.244
1119        96.8159        99.5283
1120        96.8159        100.563
1121        96.8159        98.2057
1122        96.8159        97.8816
1123        96.8159        99.1863
1124        96.8159        99.9109
1125        96.8159        101.048
1126        96.8159        99.7641
1127        96.8159        102.507
1128        96.8159        100.979
1129        96.8159        99.4736
1130        96.8159        98.7412
1131        96.8159        101.138
1132        96.8159        100.937
1133        96.8159        100.968
1134        96.8159        100.371
1135        96.0097        100.734
1136        96.0097        100.359
1137        96.0097        96.7868
1138        96.0097        96.5142
1139        96.0097        96.4173
1140        96.0097         96.538
1141        96.0097        97.0989
1142        96.0097        97.3509
1143        96.0097        99.7158
1144        96.0097        97.9654
1145        96.0097        99.4198
1146        96.0097        100.088
1147        96.0097        99.3329
1148        96.0097        97.9697
1149        96.0097        97.5809
1150        96.0097        99.6217
1151        96.0097         99.353
1152        96.0097        99.4466
1153        96.0097        100.321
1154        96.0097        100.264
1155        96.0097        99.5816
1156        96.0097        98.0395
1157        95.9078        100.297
1158        95.9078        99.7172
1159        95.9078         96.232
1160        95.9078        95.9704
1161        95.9078         95.948
1162        95.9078        95.9434
1163        95.9078        95.9414
1164        95.9078        96.0672
1165        95.9078        95.9518
1166        95.9078        96.4282
1167        95.3934        96.5594
1168        95.3934        96.1866
1169        95.3934        95.7494
1170        90.3796        95.5332
1171        90.3796        94.7345
1172        90.3796        93.0189
1173        90.2675        91.6523
1174        90.2675         91.154
1175        90.2675        90.4213
1176        90.2675        90.3139
1177        90.2675        90.3027
1178        90.2675        90.2993
1179        90.2675         90.302
1180        90.2675        90.3054
1181        90.2675        90.3623
1182        90.2675        90.3994
1183        90.2675        90.5109
1184        90.2675        90.4595
1185        90.2675        90.9848
1186        90.2675        90.7986
1187        90.2675        91.3329
1188        90.2675        91.8046
1189        90.2675        93.0999
1190        90.2675        94.0014
1191        90.2675        96.0986
1192        90.2675        97.1587
1193        90.2675        93.5292
1194        90.2675        93.0164
1195        89.3692        92.7596
1196        89.3692        91.5472
1197        89.3692        90.0698
1198        89.3692        89.7097
1199        89.3692        89.7099
1200        89.3692        89.7579
