Generation  Best distance  Mean distance
1         2499.5        2886.76
2        2363.44        2710.13
3        2363.44         2593.2
4         2271.8        2494.28
5         2271.8        2457.69
6        2192.04        2404.39
7        2140.54        2327.55
8        2140.54        2261.12
9        2078.99        2222.88
10        1913.17        2145.92
11        1810.88        2072.01
12         1807.7        1973.17
13        1760.99        1894.08
14        1723.39        1841.91
15        1657.96        1803.37
16        1639.13         1770.8
17        1639.13        1728.41
18        1543.77        1683.79
19        1514.78        1637.08
20         1497.4         1605.2
21         1497.4        1565.31
22        1475.16        1527.53
23        1433.51        1523.23
24        1429.33        1496.84
25        1407.08        1483.45
26        1394.52        1449.54
27        1394.52        1430.84
28        1394.52        1414.12
29        1368.54        1406.66
30        1306.92        1393.63
31        1306.92        1375.14
32        1288.08        1364.78
33        1284.67        1336.41
34        1279.83        1316.18
35        1262.32        1313.24
36        1262.32        1295.99
37           1257        1284.08
38        1241.94        1278.71
39        1227.89        1263.72
40           1227        1249.86
41        1185.05        1240.31
42        1185.05        1224.76
43        1185.05        1207.94
44        1178.65        1202.21
45        1178.65        1196.76
46        1150.69        1193.71
47        1149.84        1181.85
48        1149.84        1171.29
49        1135.38        1165.39
50        1135.38        1156.99
51        1135.38        1147.36
52        1132.93        1142.74
53        1132.93        1140.35
54        1122.86        1135.99
55        1120.41        1132.74
56        1094.41        1127.65
57        1094.41        1116.28
58           1084        1108.42
59        1077.46        1100.58
60        1063.47        1091.48
61        1061.02        1080.71
62        1055.53         1070.3
63        1043.75        1061.46
64        1034.77        1054.87
65        1034.77        1048.66
66        1034.77        1043.43
67         1025.7        1038.53
68         1025.7        1035.99
69        1023.84        1035.18
70        1017.21        1030.34
71        1017.21        1027.37
72        1016.73        1022.69
73        996.862        1019.29
74        996.862        1013.26
75        981.578        1008.02
76        963.485        1000.12
77        957.181        989.183
78        949.414        978.417
79        947.888        966.083
80        934.554        959.055
81        932.665        951.257
82        930.582        943.392
83        930.582        938.345
84        919.488        936.971
85        919.488        930.935
86        915.182         923.72
87        915.182        920.465
88        915.182        917.307
89        915.182        916.784
90        907.618        915.864
91        880.334        913.057
92        880.334        904.947
93         872.77        898.609
94         872.77        886.613
95        868.132        877.715
96        863.845         872.97
97        863.845        869.317
98        863.845        867.222
99        861.194        866.561
100        856.654        864.584
101        846.618        862.435
102        846.618        858.599
103        835.426        854.959
104        835.426        853.587
105        812.655        849.224
106        812.655        849.402
107        799.503        835.741
108        799.503        826.416
109        797.533        822.382
110        787.267        815.493
111        787.267        800.298
112        787.267        794.912
113        784.717         792.77
114        784.717        790.111
115        782.359         789.43
116        782.359        787.225
117        773.695        784.831
118        773.695        781.618
119        767.832        778.501
120        764.311        775.469
121        764.311        773.116
122        759.827        771.361
123        750.153        766.981
124        727.371          763.9
125        727.371        756.815
126         725.31        742.906
127        719.116        737.114
128        719.116         730.21
129        712.932        727.223
130        693.106        721.655
131        693.106        715.539
132        686.921        707.592
133        663.483        704.701
134        659.885        694.726
135        659.885        688.935
136        659.885        680.838
137        659.885        676.664
138        657.586        672.005
139        648.926        668.993
140        648.926        661.983
141        648.926        659.695
142        648.926        657.531
143        648.926        659.641
144        648.926        662.158
145        648.926        656.512
146        648.926        653.991
147        648.926        655.453
148        646.891        655.271
149        646.891        650.695
150        643.671        648.676
151        641.301         646.99
152        641.301        644.925
153        629.064        643.237
154        629.064        640.598
155        625.489        636.293
156        625.489        632.112
157        625.489        628.968
158        621.315        629.171
159        621.315          629.4
160        607.029        628.099
161        607.029        625.983
162        603.515        619.359
163        603.515        615.173
164        595.483         611.16
165        595.159        608.108
166        595.159        608.192
167        595.159        605.109
168         577.65        605.911
169         577.65        609.195
170         577.65        611.162
171         577.65        602.716
172         577.65        612.963
173         577.65        608.758
174         577.65        599.285
175         577.65        604.356
176         577.65        605.591
177        575.119        607.679
178        575.119        596.147
179        575.119        583.769
180        559.869        578.253
181        559.869        573.238
182        559.869        568.786
183        559.869         565.13
184        559.869        565.427
185        557.517        565.921
186        557.517        563.903
187        555.995         567.67
188        555.995        563.314
189        554.095        566.399
190        554.095        562.481
191        554.095        562.237
192        553.172        568.134
193        553.172        559.479
194        550.464        556.166
195        550.464        556.718
196        550.464        552.488
197        550.464        551.723
198        542.502        551.414
199        542.502        550.661
200        495.967        546.952
201        495.967         535.17
202         493.82        519.811
203        484.591        506.581
204        484.591        497.393
205        484.591        492.635
206        484.591        489.335
207        484.591        487.985
208        484.591        487.765
209        477.056        486.748
210        477.056        485.406
211        477.056        484.322
212        476.327        481.707
213        476.327        481.052
214        476.327        480.446
215        476.327        478.184
216        476.327        478.537
217        466.835        478.667
218        466.835        478.806
219        466.835        480.898
220        466.835        477.026
221        466.835        477.963
222        466.835        471.978
223        464.773        473.718
224        447.772        474.514
225        447.772        469.709
226         445.71        464.386
227        435.283        457.054
228        435.283        450.935
229        433.221        444.199
230        433.221        440.088
231        433.221        439.302
232        433.085        436.677
233        433.085        436.795
234        433.085        438.961
235        425.712        444.438
236        425.712        439.972
237        425.712        433.519
238        425.712         429.74
239        425.712        428.138
240        425.712        430.931
241        424.336        429.154
242        424.336        428.212
243        424.336        426.523
244        424.336        425.857
245        424.336        424.781
246        424.336        424.921
247        407.589        424.986
248        407.589        420.792
249        407.589        416.287
250        407.589        415.411
251        406.579        411.914
252        406.579        410.224
253        402.692         407.41
254        402.692        406.468
255        402.692        405.022
256        402.692        404.374
257        402.692        404.102
258        402.692        403.881
259        402.692        404.168
260        396.656        404.262
261        396.656        403.446
262        396.656        402.989
263        396.656        401.262
264        396.656        402.387
265        396.552        408.441
266        396.552        401.801
267        396.552        399.359
268        396.552        399.331
269        396.552        399.447
270        396.552        399.739
271        395.124        398.667
272        395.124        399.401
273        395.124        398.911
274        395.124        399.375
275        390.238         399.65
276        390.238        398.243
277        390.238        395.672
278        377.078        395.424
279        377.078         394.17
280        377.078        387.481
281        377.078        382.573
282        377.078        382.395
283        373.281         381.64
284        369.175        380.945
285        369.175        377.406
286        369.175        377.113
287        369.175        376.562
288        363.785         377.02
289        363.785        373.754
290        363.785        368.778
291        363.785         367.46
292        362.175         366.15
293        355.037        365.439
294        355.037         362.68
295        353.427         361.34
296        336.853        359.341
297        336.853        357.207
298        335.243        352.288
299        331.519        348.206
300        331.519        342.664
301        331.519        336.061
302        331.519        333.916
303        331.519         333.87
304        331.519        333.722
305        331.519        333.768
306        331.519         335.08
307        331.519        334.017
308        331.519         334.53
309        331.519         334.13
310        331.519        335.091
311        331.519        333.806
312        331.519        336.239
313        331.519        334.541
314        331.519        333.636
315        331.519        333.016
316        331.519        333.127
317        331.519        333.528
318        331.519        333.086
319        331.519        334.636
320        331.519        333.791
321        331.519        333.673
322        331.519        334.547
323        319.502        335.257
324        319.502        331.211
325        318.843         330.82
326        318.843        323.781
327         318.76        319.927
328        314.523        320.326
329        314.523        319.839
330        314.523        318.523
331         313.29        316.975
332         313.29        314.904
333        307.482        314.167
334        307.482        312.946
335        306.249        311.197
336        304.709         309.79
337        303.367        308.226
338        303.334        305.654
339        303.334        304.166
340        303.334        303.635
341        303.334         303.43
342        303.334        303.352
343        303.334        303.342
344        303.334        303.349
345        303.334        303.356
346        303.334        303.356
347        303.334        303.422
348        303.334        304.262
349        295.947        304.025
350        295.947        301.977
351        295.947        300.126
352        295.947        298.698
353        295.947        298.587
354        295.947        297.969
355        295.947        297.709
356         294.46        297.566
357         294.46        296.001
358        293.716         295.45
359        293.716        295.142
360        293.716        294.311
361        292.496        294.275
362        290.749        293.692
363        290.749        293.242
364        290.555        292.468
365        289.614        292.787
366        289.614        293.022
367        286.371        292.238
368        285.236        293.089
369        285.236        292.102
370        281.024        288.322
371        281.024        286.998
372        281.024         285.31
373        281.024        284.155
374        281.024        283.575
375        281.024        282.888
376        281.024         281.51
377        281.024        281.564
378        281.024        281.671
379         279.66        282.507
380         279.66        281.646
381        275.333        281.382
382        275.333        279.631
383        275.333        278.356
384        275.333        277.602
385        275.333        277.066
386        275.333         276.92
387         264.21        276.859
388         264.21        274.903
389         264.21        270.373
390         264.21        267.385
391        262.869        267.182
392        262.869        265.739
393        262.869        264.707
394        262.869        263.477
395        262.869        263.405
396        262.869        263.369
397        259.629        263.369
398        259.629        262.989
399        258.288        262.087
400        257.312        261.048
401        257.312         259.78
402        257.312        258.551
403        257.312        258.497
404        257.312        258.026
405        257.312        259.295
406        257.156        257.768
407        257.156        257.873
408        257.156        257.458
409        254.339        257.183
410        254.183        256.937
411        247.964        256.021
412        247.964        254.295
413        247.964        252.569
414        247.964        250.031
415        247.964        249.948
416        247.964        248.311
417        247.964        248.176
418        247.964        248.571
419        247.964         248.21
420        247.964        248.335
421        247.964         248.17
422        247.964        248.203
423        247.964        248.168
424        247.964        248.174
425        247.964         249.05
426        247.964        250.213
427        246.837         253.43
428        246.837        253.363
429        246.837        247.469
430        246.837        247.249
431        246.837        247.039
432        246.837        247.023
433        246.837        247.045
434        246.837        246.992
435        246.837        247.098
436        238.095        246.928
437        234.801        245.792
438        234.801        242.172
439        234.801        238.888
440        234.801        236.472
441        234.801        235.793
442        234.801        235.547
443        234.801        235.426
444        234.801        235.215
445        234.801        235.429
446        234.801        235.566
447        234.801        235.793
448        234.801         236.83
449        234.801         236.46
450        233.554        235.852
451         232.04        235.072
452         232.04        233.904
453        231.232        233.331
454        231.232         232.63
455        231.232        231.702
456        228.434        231.475
457        228.434        230.845
458        228.434        230.943
459        228.434        231.325
460        228.434        230.809
461        227.964        229.374
462        227.964        228.672
463        224.922        228.111
464        224.922        227.505
465        224.922        226.746
466        224.922        226.125
467        224.922        225.963
468        224.922        225.841
469        224.922        227.992
470        224.922        232.283
471        224.922        230.372
472        224.922        230.554
473        224.922        228.086
474        224.922        228.561
475        224.922        229.535
476        224.922        230.961
477        224.922        229.928
478        224.922        230.329
479        224.922        233.063
480        224.922        230.046
481        224.922        227.291
482        224.922        230.693
483        224.922        229.263
484        224.922        229.933
485        224.922        228.572
486        224.922        227.476
487        224.922        228.981
488        224.922        229.857
489        224.922        230.156
490        224.922        229.114
491        224.922        229.124
492        224.922        229.068
493        224.922         227.64
494        224.922        227.867
495        224.922        231.912
496        224.922        230.889
497        224.922          232.9
498        224.645        236.488
499        224.645        232.846
500        224.645        236.327
501        224.645        240.168
502        224.645        236.273
503        224.645        237.286
504        224.645        241.012
505        224.645        243.977
506        223.832        241.224
507        223.832        232.348
508        223.832        228.218
509        223.832        224.223
510        221.755        224.133
511        220.021         223.72
512        220.021        222.662
513        220.021        221.584
514        220.021        221.149
515        220.021        220.994
516        220.021        220.755
517        220.021        220.831
518        220.021        220.876
519        220.021        226.454
520        220.021        228.501
521         218.43        225.076
522         218.43        222.613
523         218.43        219.526
524         218.43        219.133
525         218.43        218.915
526         218.43        218.975
527         218.43         218.99
528         218.43        220.142
529         218.43        219.834
530         218.43        221.781
531         218.43        219.353
532         218.43        219.043
533         217.67        222.973
534         217.67        219.077
535         217.67         218.67
536         217.67        218.192
537         217.67        218.131
538         217.67        217.934
539         217.67        218.144
540         217.67        219.277
541         217.67        219.961
542         217.67        219.277
543         217.67        218.132
544         217.67        219.136
545         217.67        218.675
546         217.67        224.226
547         217.67        218.479
548         216.12        218.223
549         216.12        217.363
550         216.12        216.872
551         216.12        216.683
552         216.12         216.72
553         216.12        216.544
554         216.12        216.409
555         216.12        216.485
556         216.12        216.614
557        215.932        216.606
558        215.932        216.382
559        215.932        216.041
560        215.932        215.999
561        215.932        216.004
562        209.181        215.899
563        209.181        215.292
564        209.181        213.697
565        209.181        212.561
566        209.181        212.073
567        209.181        212.038
568        209.181        211.891
569        209.181        211.404
570        209.181         211.78
571        209.181        211.921
572        209.181        211.673
573        209.181        211.009
574        209.181        210.751
575        209.181        212.632
576        209.181        211.237
577        209.181        210.982
578        209.181        213.094
579        209.181         213.92
580        209.181        211.894
581        209.181        212.645
582        209.181        217.855
583         208.98        218.777
584         208.98        215.283
585         208.98        209.856
586         208.98        211.204
587        208.124        213.491
588        207.922          211.6
589        207.922        209.167
590        207.922         208.39
591        207.922        208.263
592        207.922        208.204
593        207.922        208.137
594        207.922        207.981
595        207.922        207.979
596        207.922        208.377
597        207.922        210.446
598        207.922         208.64
599        201.884        208.448
600        201.884        207.773
601        201.884        205.281
602        201.884        204.406
603        198.489        203.485
604        198.489        202.548
605        198.489        200.584
606        198.489        199.424
607        198.489        199.397
608         196.54        199.259
609         196.54        198.785
610        195.769        198.384
611        192.884        198.147
612        192.884         197.55
613        192.884        195.167
614        192.884        193.864
615        192.884        193.588
616        192.884        193.477
617        192.884         193.51
618        192.884        194.972
619        192.884        193.335
620        192.884        197.833
621        192.884        198.101
622        192.884        200.208
623        192.884        197.126
624        192.884        194.704
625        192.884        195.287
626        192.884        198.459
627        192.119        195.153
628        192.119        194.742
629        189.097        192.597
630        189.097        191.748
631        189.097            191
632        189.097        190.506
633        186.773        190.142
634        186.773         189.33
635        186.773         188.81
636        186.773        188.311
637        186.773        188.745
638        186.773         188.57
639        186.773        192.675
640        186.773        191.654
641        186.773        191.178
642        186.773        191.127
643        186.773        190.776
644        186.773        190.424
645        186.773        193.708
646        186.773        192.065
647        186.773        192.194
648        186.773        192.485
649        186.773        193.337
650        186.773        192.133
651        186.773        193.188
652        186.773        194.346
653        186.773        191.945
654        186.773        193.202
655        186.773        193.455
656        186.773        191.679
657        186.773        194.795
658        186.773        194.104
659        186.773        191.406
660        186.773        191.827
661        186.773        199.582
662        186.773        196.482
663        186.773         197.33
664        186.253        192.981
665        186.253        193.094
666        186.253        192.585
667        184.365        196.792
668        184.365        192.176
669        182.705         204.95
670        182.705        207.426
671        182.705        220.719
672        182.705        213.374
673        182.705        217.494
674        182.705        201.319
675        182.705        198.598
676        182.705        193.277
677        182.705        193.439
678        182.705        194.284
679        182.705        195.177
680        182.705        191.045
681        182.705          193.9
682        182.705        196.974
683        182.705        198.871
684        182.705        190.048
685        182.705        186.335
686        182.705        183.618
687        182.705        185.773
688        182.705         185.82
689        178.051        186.393
690        178.051        182.804
691        178.051        180.389
692        178.051        179.895
693        178.051        179.612
694        178.051        179.603
695        178.051        179.483
696        178.051        179.401
697        178.051        184.059
698        176.311        179.847
699        176.311        182.873
700        176.311        186.389
701         175.67         200.39
702         175.67        199.004
703         175.67        193.945
704         175.67        192.461
705         175.67        198.249
706         175.67        192.378
707         175.67        189.549
708         175.67        184.417
709        175.194        186.776
710        175.194        177.748
711        173.639        178.637
712        173.639        178.962
713        173.639        177.797
714        173.639        180.288
715        173.639        176.022
716        173.319        184.578
717        171.765        179.614
718        171.765        175.544
719        171.765        174.175
720        171.765        172.617
721        171.765        172.343
722        171.765        172.551
723        171.765         172.81
724        171.765        176.348
725        171.765        175.951
726        171.765        179.098
727        171.765        181.428
728        171.765        178.209
729        171.765        178.806
730        170.021        178.151
731        170.021        175.288
732        170.021        173.189
733        169.525        173.133
734        169.525        171.618
735        169.525        170.589
736        169.525        169.836
737        168.326         169.87
738        167.686        170.608
739        167.686        174.298
740        167.686        170.367
741        167.686        168.739
742        167.686        175.332
743        167.686        173.936
744        167.686        171.653
745        167.686        169.295
746        167.686        169.785
747        167.686        168.804
748        167.686        168.486
749        167.686        168.108
750        167.686        168.359
751        165.834        169.096
752        165.834        168.245
753        165.834        167.091
754        165.605        166.761
755        165.605        166.367
756        165.605        166.023
757        165.605        165.996
758        165.605        165.929
759        165.605        166.878
760        165.605        169.078
761        165.605        171.746
762        165.605        170.272
763        165.605        168.702
764        165.605        167.498
765        163.252        166.373
766        163.252        166.347
767        163.252        167.288
768        163.252        169.395
769        163.252        168.943
770        163.252        168.162
771        163.206        174.248
772        163.206        170.551
773        163.206        168.978
774        163.206        164.185
775        163.206        165.043
776        163.206        164.729
777        163.206        164.182
778        163.206        164.476
779        163.206        165.365
780        163.206        164.435
781        163.206        165.113
782        163.206        165.597
783        163.206        166.082
784        163.206        165.322
785        163.206        164.972
786        163.206        164.895
787        163.129        165.292
788        163.129        164.739
789        163.129         163.59
790        163.129        163.406
791        160.197        163.163
792        160.197        162.632
793        160.197        161.737
794        160.197        161.429
795        160.197        161.241
796        160.197        160.917
797        160.197        161.154
798        160.197        161.525
799        160.197        161.457
800        160.197        162.787
801        160.197        165.729
802        160.197        165.648
803        160.197        166.091
804        160.197        167.061
805        160.197        166.094
806        160.197        167.707
807        160.197        168.868
808        160.197        167.748
809        160.197         171.88
810        160.197        168.077
811        160.197        169.297
812        160.197        169.349
813        160.197        166.192
814        160.197        165.508
815        160.197        162.694
816        160.197        164.506
817        160.197        164.278
818        160.197        167.294
819        159.653        165.674
820        159.653        161.669
821        159.653        160.085
822        159.653        159.846
823        159.653        159.827
824        159.653        159.769
825        159.653        159.805
826        159.653        159.827
827        159.653        159.878
828        159.653        160.557
829        159.653        166.993
830        159.653        169.074
831        159.653        168.637
832        159.653        171.135
833        159.653         171.82
834        159.653        162.818
835        159.653        161.395
836        159.653        161.503
837        159.653        165.218
838        159.653        163.229
839        159.653        160.863
840        159.653         160.85
841        159.653        161.734
842        159.653        163.392
843        159.653        160.655
844        159.653        162.892
845        159.653        166.032
846        159.653        165.623
847        159.653        165.203
848        159.653        169.831
849        159.653        169.853
850        159.653        165.146
851        158.669        166.488
852        158.669        161.235
853        158.669        161.319
854        158.669        159.169
855         158.01        159.176
856         158.01        158.698
857         158.01        158.404
858         158.01        158.198
859         158.01        158.112
860         158.01        158.223
861        157.074        158.148
862        157.074        158.051
863        157.074        157.751
864        156.051        157.495
865        156.051        157.189
866        156.051        156.698
867        156.051         156.45
868        156.051        156.526
869        156.051        156.448
870        156.051        156.441
871        156.051        156.372
872        156.051        157.865
873        156.051        159.856
874        156.051        158.508
875        156.051        159.767
876        156.051        158.311
877        156.051         160.35
878        156.051        160.447
879        156.051        158.552
880        156.051        158.413
881        156.051        158.994
882        156.051        159.687
883        156.051         159.61
884        154.865        160.948
885        154.865        158.528
886        154.516        158.414
887        154.516         157.87
888        153.586        154.813
889        153.586        154.496
890        153.586        154.154
891        153.586        154.056
892        153.586        153.904
893        153.586        155.702
894        153.586        159.693
895        153.586        158.309
896        153.586        154.804
897        153.586         154.58
898        153.586         159.75
899        153.586         155.33
900        153.586         155.68
901        153.586        154.965
902        153.586        155.021
903        153.586        159.273
904        153.586        157.431
905        153.586        157.125
906        153.586        162.375
907        153.586        158.786
908        153.586        158.628
909        153.586        158.946
910        153.586        159.243
911        153.586        156.749
912        153.586        158.795
913        153.586        158.995
914        153.586        161.968
915        153.586        159.588
916        153.586        160.541
917        153.586        158.916
918        153.586        162.483
919        153.586        168.229
920        153.586        160.823
921        153.586        158.607
922        153.586        159.969
923        153.586        166.778
924        153.586        169.085
925        153.586        168.169
926        153.586        161.382
927        153.586        164.915
928        153.586        166.553
929        153.586        165.896
930        153.586        166.965
931        153.586        167.705
932        153.586        167.255
933        153.586        168.658
934        153.586         166.29
935        153.586        171.182
936        153.586        164.931
937        153.586        160.806
938        153.586        158.147
939        153.586        155.969
940        153.586        156.934
941        153.586        155.346
942        153.586        155.315
943        153.586        156.585
944        153.586        158.594
945        153.586        158.816
946        153.586        156.159
947        153.586         155.36
948        153.586        155.027
949        153.586         155.06
950        153.586        154.444
951        153.586         154.21
952        153.586        156.126
953        153.586        154.976
954        153.566        158.342
955        153.566        154.405
956        153.566        154.156
957        153.566        153.574
958        153.566        153.664
959        153.566        155.662
960        153.566        160.323
961        153.566        155.796
962        153.566        156.422
963        153.566        156.318
964        153.566        153.837
965        153.566         155.24
966        153.566         154.83
967        153.566        157.849
968        153.566         154.77
969        153.566        158.351
970        153.566        163.971
971        153.566        157.068
972        153.566        156.002
973        153.566        154.138
974        153.566        154.964
975        153.566         155.88
976        153.566         155.61
977        153.566        156.498
978        153.566        154.926
979        153.566        154.691
980        153.566        153.625
981        153.566        154.609
982        153.566        156.323
983        153.566         154.51
984        153.566        156.129
985        153.566          155.7
986        153.566        155.503
987        153.566        157.474
988        153.566        158.668
989        153.566        162.801
990        153.566        162.229
991        153.566        163.496
992        153.566        156.089
993        153.566        156.953
994        153.566        157.471
995        153.566        156.372
996        153.566        155.677
997        153.566        154.838
998        153.566        154.416
999        153.566         155.36
1000        153.566        153.798
