X_coord        Y_coord
71.7473        69.6586
48.2205        87.6058
49.0951        87.1187
34.881        93.7194
6.7379        99.7727
-18.2645        98.3179
-4.95759         99.877
-48.8159        87.2755
10.5631        99.4405
-69.137        72.2501
-98.434        17.6281
-86.6511       -49.9159
-74.2544       -66.9797
-27.8816       -96.0344
-55.6778       -83.0661
-87.4885        -48.433
-95.8776       -28.4163
-89.8197       -43.9593
-89.9859       -43.6181
-98.968        14.3298
-99.1421        13.0705
-99.9094        4.25475
-99.935        3.60596
-86.1008       -50.8592
-12.7518       -99.1836
82.8785       -55.9567
51.7489        -85.569
3.79884       -99.9278
2.9236       -99.9573
16.2934       -98.6637
99.1194        13.2421
99.4097        10.8496
85.7503        51.4478
91.8643        39.5088
71.7473        69.6586
