             mu          sigma          Media         Errore
              0           0.05        99.6239       0.296773
              0            0.1        25.0122      0.0748023
              0           0.15        11.0645      0.0296908
              0            0.2        6.19898      0.0158012
              0           0.25          3.933     0.00977979
              0            0.3        2.68157     0.00715909
              0           0.35        1.88967     0.00636478
              0            0.4         1.3878     0.00436387
              0           0.45        1.01148     0.00406825
              0            0.5       0.729627     0.00338345
              0           0.55       0.513935     0.00302726
              0            0.6       0.342673      0.0022669
              0           0.65       0.197859     0.00257426
              0            0.7      0.0777683     0.00200211
              0           0.75      -0.021998     0.00184705
              0            0.8      -0.103693     0.00152592
              0           0.85      -0.165434      0.0017752
              0            0.9       -0.21265     0.00149265
              0           0.95      -0.242328     0.00172993
              0              1       -0.25141     0.00209584
              0           1.05      -0.242482     0.00265273
              0            1.1      -0.214091     0.00364836
              0           1.15      -0.154393     0.00506696
           0.05            0.6       0.335233     0.00250923
           0.05           0.65       0.195543     0.00263118
           0.05            0.7      0.0734049     0.00214549
           0.05           0.75     -0.0271444     0.00209178
           0.05            0.8      -0.103101     0.00157152
           0.05           0.85      -0.165248     0.00164086
           0.05            0.9      -0.212345     0.00164949
           0.05           0.95      -0.240176     0.00187769
           0.05              1      -0.253356     0.00187868
           0.05           1.05      -0.237791      0.0034532
           0.05            1.1      -0.206983     0.00331513
           0.05           1.15      -0.141704     0.00549891
            0.1           0.15        7.21965      0.0205893
            0.1           0.45       0.937797     0.00419953
            0.1            0.5       0.687388     0.00341494
            0.1           0.55       0.479597     0.00285404
            0.1            0.6       0.314067     0.00233625
            0.1           0.65       0.179216     0.00238267
            0.1            0.7      0.0653913     0.00213595
            0.1           0.75      -0.036283     0.00188242
            0.1            0.8      -0.109174     0.00171782
            0.1           0.85      -0.174226     0.00177441
            0.1            0.9      -0.214109     0.00166264
            0.1           0.95      -0.239844     0.00219755
            0.1              1      -0.250166     0.00239102
            0.1           1.05      -0.237583     0.00272265
            0.1            1.1      -0.200417      0.0043908
            0.1           1.15      -0.149553     0.00461772
           0.15           0.05        99.6751       0.258502
           0.15            0.3        2.03327      0.0062938
           0.15           0.35        1.53233     0.00518174
           0.15            0.4        1.15331     0.00390368
           0.15           0.45       0.860025      0.0037519
           0.15            0.5        0.62238     0.00320028
           0.15           0.55       0.440439     0.00258053
           0.15            0.6       0.283836     0.00263994
           0.15           0.65       0.150255     0.00216144
           0.15            0.7      0.0445837      0.0020019
           0.15           0.75     -0.0456512     0.00192737
           0.15            0.8      -0.122392     0.00167982
           0.15           0.85      -0.180254     0.00178884
           0.15            0.9      -0.221361     0.00177868
           0.15           0.95      -0.244564     0.00209013
           0.15              1      -0.249792     0.00248079
           0.15           1.05      -0.228096     0.00361657
           0.15            1.1      -0.195071     0.00431187
           0.15           1.15      -0.132638     0.00569507
            0.2           0.05        99.7655       0.280522
            0.2            0.2        2.77837      0.0100271
            0.2            0.3        1.65512     0.00545257
            0.2           0.35         1.2864     0.00429715
            0.2           0.45       0.753656     0.00366409
            0.2            0.5        0.55062     0.00260306
            0.2           0.55       0.376801     0.00270302
            0.2            0.6       0.239806     0.00230227
            0.2           0.65       0.119529     0.00213498
            0.2            0.7       0.019182     0.00202259
            0.2           0.75      -0.068548     0.00181398
            0.2            0.8      -0.137297     0.00168484
            0.2           0.85      -0.188771     0.00165736
            0.2            0.9      -0.227045     0.00182009
            0.2           0.95      -0.250474     0.00209195
            0.2              1      -0.252927     0.00238762
            0.2           1.05      -0.234739      0.0028347
            0.2            1.1      -0.190919     0.00433055
            0.2           1.15      -0.133605     0.00512417
           0.25           0.05        100.148        0.28187
           0.25           0.25        1.67633     0.00613899
           0.25            0.3        1.29987     0.00393483
           0.25            0.4       0.819013     0.00366035
           0.25           0.45       0.624407     0.00324459
           0.25            0.5       0.454024     0.00294731
           0.25           0.55       0.311209      0.0024342
           0.25            0.6       0.189244     0.00237176
           0.25           0.65      0.0787654     0.00194208
           0.25            0.7     -0.0154452     0.00181763
           0.25           0.75     -0.0914416     0.00165039
           0.25            0.8      -0.154978     0.00157436
           0.25           0.85      -0.199829     0.00174026
           0.25            0.9      -0.235591     0.00166549
           0.25           0.95      -0.251511      0.0022451
           0.25              1      -0.247991     0.00261647
           0.25           1.05       -0.22809     0.00337782
           0.25            1.1      -0.185095     0.00450976
           0.25           1.15      -0.116407     0.00536444
            0.3           0.05         99.942       0.275231
            0.3            0.1        24.7721      0.0641491
            0.3            0.2        3.35439      0.0170472
            0.3            0.3        1.04138     0.00473319
            0.3           0.35       0.802626     0.00344615
            0.3            0.4       0.634956     0.00309598
            0.3           0.45       0.485666      0.0025798
            0.3            0.5       0.350769     0.00251824
            0.3           0.55       0.231432     0.00229451
            0.3            0.6       0.120924     0.00217523
            0.3           0.65      0.0298888     0.00180942
            0.3            0.7     -0.0561857     0.00176776
            0.3           0.75      -0.121431     0.00183029
            0.3            0.8      -0.176393     0.00159447
            0.3           0.85      -0.217918     0.00165017
            0.3            0.9      -0.241362     0.00206757
            0.3           0.95      -0.254333     0.00217849
            0.3              1       -0.24096     0.00286599
            0.3           1.05      -0.211847     0.00351846
            0.3            1.1      -0.171357      0.0043407
            0.3           1.15     -0.0870085     0.00588437
           0.35           0.05        99.6771       0.279607
           0.35            0.1        24.7382      0.0736752
           0.35            0.2        4.25466      0.0198782
           0.35           0.25        1.75144      0.0106543
           0.35            0.3       0.917192     0.00442464
           0.35           0.35       0.619538      0.0035924
           0.35            0.4       0.463728     0.00266185
           0.35           0.45       0.345534     0.00260433
           0.35            0.5       0.235941      0.0022758
           0.35           0.55       0.136898     0.00224154
           0.35            0.6      0.0538641     0.00223233
           0.35           0.65     -0.0271995     0.00180046
           0.35            0.7     -0.0994583     0.00174299
           0.35           0.75       -0.15641     0.00150591
           0.35            0.8      -0.198095     0.00148794
           0.35           0.85       -0.23306      0.0016919
           0.35            0.9      -0.254054      0.0019744
           0.35           0.95      -0.254216     0.00279424
           0.35              1      -0.238691     0.00298478
           0.35           1.05      -0.203078     0.00402891
           0.35            1.1      -0.145488     0.00467823
           0.35           1.15     -0.0718552     0.00583551
            0.4           0.05        99.6334       0.263842
            0.4            0.1        24.5893      0.0712229
            0.4            0.2        4.93415      0.0169419
            0.4           0.25        2.11943       0.011488
            0.4            0.3       0.965846     0.00629582
            0.4           0.35       0.510296     0.00392192
            0.4            0.4       0.324735      0.0023547
            0.4           0.45       0.212788      0.0022667
            0.4            0.5       0.123808     0.00201918
            0.4           0.55      0.0483741      0.0017465
            0.4            0.6     -0.0223037     0.00200807
            0.4           0.65     -0.0868696     0.00161609
            0.4            0.7      -0.142743     0.00153233
            0.4           0.75      -0.189181     0.00152783
            0.4            0.8      -0.223551     0.00139585
            0.4           0.85      -0.245823     0.00179492
            0.4            0.9      -0.259377     0.00191342
            0.4           0.95      -0.255746     0.00214874
            0.4              1      -0.225884      0.0037202
            0.4           1.05       -0.18301     0.00410851
            0.4            1.1      -0.119952     0.00556555
            0.4           1.15     -0.0311212     0.00588241
           0.45           0.05         98.999       0.263623
           0.45            0.1        24.4611      0.0697801
           0.45           0.15        10.5943      0.0349324
           0.45           0.25        2.52509      0.0108993
           0.45            0.3        1.11086     0.00717032
           0.45           0.35       0.486096     0.00489023
           0.45            0.4       0.225418     0.00277712
           0.45           0.45       0.100442     0.00202861
           0.45            0.5      0.0178274      0.0018386
           0.45           0.55      -0.042805     0.00181572
           0.45            0.6      -0.100027     0.00163772
           0.45           0.65      -0.146728     0.00169789
           0.45            0.7      -0.190576      0.0014049
           0.45           0.75       -0.22473      0.0016487
           0.45            0.8      -0.249209     0.00182723
           0.45           0.85      -0.266303     0.00199394
           0.45            0.9      -0.265913     0.00234072
           0.45           0.95      -0.250844     0.00268078
           0.45              1      -0.213471      0.0034613
           0.45           1.05      -0.169381     0.00443295
           0.45            1.1     -0.0974643     0.00625833
           0.45           1.15     0.00132423     0.00641408
            0.5           0.05        99.8335       0.253915
            0.5            0.1        24.4301      0.0687043
            0.5           0.15        10.4559       0.034082
            0.5           0.25        2.84382     0.00977863
            0.5            0.3        1.30689     0.00787718
            0.5           0.35       0.519826     0.00487311
            0.5            0.4       0.170608     0.00320572
            0.5           0.45     0.00769575     0.00234132
            0.5            0.5     -0.0773676      0.0015749
            0.5           0.55      -0.132365     0.00144206
            0.5            0.6      -0.173923     0.00160398
            0.5           0.65      -0.211175     0.00155313
            0.5            0.7      -0.241224     0.00145833
            0.5           0.75      -0.260858      0.0014334
            0.5            0.8      -0.274419      0.0016071
            0.5           0.85      -0.273327     0.00218498
            0.5            0.9      -0.271353     0.00258501
            0.5           0.95      -0.243662     0.00328673
            0.5              1       -0.19985     0.00400879
            0.5           1.05       -0.13002     0.00539395
            0.5            1.1     -0.0469185       0.006261
            0.5           1.15      0.0590312     0.00827597
           0.55           0.05        99.3522       0.290951
           0.55            0.1        24.3245      0.0674438
           0.55           0.15        10.4488      0.0307219
           0.55            0.3        1.48855     0.00739951
           0.55           0.35       0.608728     0.00574375
           0.55            0.4       0.159651     0.00362247
           0.55           0.45     -0.0577672     0.00239855
           0.55            0.5      -0.159821     0.00176449
           0.55           0.55      -0.212578     0.00141004
           0.55            0.6      -0.245129     0.00117966
           0.55           0.65      -0.270042     0.00113187
           0.55            0.7      -0.285596     0.00145819
           0.55           0.75      -0.292338     0.00137977
           0.55            0.8      -0.293972     0.00173409
           0.55           0.85      -0.288306     0.00214264
           0.55            0.9      -0.263791     0.00272061
           0.55           0.95      -0.227476     0.00360647
           0.55              1      -0.165185     0.00462406
           0.55           1.05      -0.102359     0.00611409
           0.55            1.1    -0.00221007     0.00749361
           0.55           1.15       0.114694     0.00867101
            0.6           0.05         99.324       0.297681
            0.6            0.1        24.3379      0.0613477
            0.6           0.15         10.344      0.0330485
            0.6            0.2        5.49045      0.0185601
            0.6            0.3        1.59785     0.00845053
            0.6           0.35       0.680843     0.00602805
            0.6            0.4       0.173031     0.00433044
            0.6           0.45     -0.0932567     0.00265817
            0.6            0.5      -0.218088     0.00159972
            0.6           0.55       -0.27968     0.00138273
            0.6            0.6      -0.314552     0.00109353
            0.6           0.65      -0.325954     0.00103392
            0.6            0.7      -0.329956    0.000995106
            0.6           0.75      -0.323529     0.00148288
            0.6            0.8      -0.311573     0.00177022
            0.6           0.85      -0.290165     0.00265453
            0.6            0.9      -0.255741     0.00315075
            0.6           0.95      -0.206797     0.00416632
            0.6              1      -0.143448     0.00459929
            0.6           1.05     -0.0529793     0.00631121
            0.6            1.1      0.0421647     0.00749002
            0.6           1.15       0.175267     0.00815001
           0.65           0.05        99.4859       0.257078
           0.65            0.1        24.0063      0.0713017
           0.65           0.15        10.1958      0.0330275
           0.65            0.2         5.3879      0.0163342
           0.65            0.3        1.67276     0.00804901
           0.65           0.35       0.764623       0.005581
           0.65            0.4       0.205052     0.00444889
           0.65           0.45      -0.107594     0.00297715
           0.65            0.5      -0.266435       0.001911
           0.65           0.55      -0.337874     0.00109179
           0.65            0.6      -0.368031    0.000801663
           0.65           0.65      -0.371481    0.000996187
           0.65            0.7      -0.365332     0.00100734
           0.65           0.75      -0.347034     0.00146097
           0.65            0.8      -0.322762     0.00198674
           0.65           0.85      -0.284447     0.00286884
           0.65            0.9      -0.237795      0.0032685
           0.65           0.95      -0.179224     0.00381501
           0.65              1      -0.106764     0.00550675
           0.65           1.05    -0.00478334     0.00607661
           0.65            1.1       0.124607      0.0081014
           0.65           1.15       0.273901      0.0106198
            0.7           0.05        99.0503       0.266334
            0.7           0.15        10.0856      0.0283604
            0.7            0.2        5.24139       0.016632
            0.7           0.35       0.821215      0.0054261
            0.7            0.4       0.240332      0.0042807
            0.7           0.45      -0.113423     0.00295331
            0.7            0.5      -0.292504     0.00180259
            0.7           0.55      -0.376831     0.00126921
            0.7            0.6      -0.407378    0.000746076
            0.7           0.65      -0.406608    0.000802763
            0.7            0.7       -0.39255     0.00101007
            0.7           0.75       -0.36553     0.00183813
            0.7            0.8      -0.321202     0.00225882
            0.7           0.85      -0.275696     0.00272587
            0.7            0.9      -0.213726     0.00344483
            0.7           0.95      -0.124542     0.00508003
            0.7              1     -0.0420696     0.00651774
            0.7           1.05      0.0709488     0.00769098
            0.7            1.1       0.204782     0.00847703
            0.7           1.15       0.387802      0.0138483
           0.75           0.05        99.0452       0.296856
           0.75            0.1        23.9173      0.0703681
           0.75           0.15        10.0563      0.0293817
           0.75            0.2        5.15411      0.0166471
           0.75           0.25        2.92151      0.0116917
           0.75           0.35       0.829584     0.00470681
           0.75            0.4       0.268708     0.00409456
           0.75           0.45      -0.100635     0.00305674
           0.75            0.5       -0.29858     0.00179492
           0.75           0.55      -0.398675     0.00125931
           0.75            0.6      -0.433545    0.000692494
           0.75           0.65      -0.429546    0.000875122
           0.75            0.7      -0.402891      0.0014853
           0.75           0.75      -0.360197     0.00218137
           0.75            0.8      -0.315257     0.00255406
           0.75           0.85      -0.245735     0.00373153
           0.75            0.9      -0.171259     0.00467256
           0.75           0.95     -0.0785915     0.00491453
           0.75              1       0.020928     0.00655749
           0.75           1.05       0.150863     0.00850522
           0.75            1.1       0.295799     0.00919265
           0.75           1.15       0.480883      0.0133263
            0.8           0.05        98.4859       0.262714
            0.8            0.1        23.8411      0.0732672
            0.8           0.15         9.9836      0.0291766
            0.8            0.2         5.0897      0.0136116
            0.8           0.25        2.84642      0.0103212
            0.8            0.4       0.293873     0.00405741
            0.8           0.45     -0.0755891      0.0027533
            0.8            0.5      -0.292033     0.00213384
            0.8           0.55      -0.404258     0.00114109
            0.8            0.6      -0.442488    0.000860991
            0.8           0.65      -0.438443     0.00102286
            0.8            0.7      -0.405944     0.00152417
            0.8           0.75      -0.350006      0.0021361
            0.8            0.8      -0.285996     0.00337216
            0.8           0.85      -0.206164     0.00431378
            0.8            0.9       -0.11536     0.00493697
            0.8           0.95     -0.0108958     0.00617433
            0.8              1       0.121509     0.00779189
            0.8           1.05        0.27169     0.00871214
            0.8            1.1       0.426622     0.00853604
            0.8           1.15       0.619931      0.0120227
           0.85           0.05        98.4337        0.28955
           0.85            0.1        23.6264      0.0633885
           0.85           0.15        9.93054      0.0270657
           0.85            0.2        5.01268      0.0151155
           0.85           0.25        2.77165      0.0112032
           0.85            0.3        1.55693     0.00753214
           0.85            0.4       0.298977     0.00379783
           0.85           0.45     -0.0559564     0.00291978
           0.85            0.5      -0.272776     0.00210153
           0.85           0.55      -0.391683     0.00110792
           0.85            0.6      -0.432169     0.00094643
           0.85           0.65      -0.422962     0.00136398
           0.85            0.7       -0.38613     0.00159913
           0.85           0.75      -0.322188      0.0028756
           0.85            0.8      -0.241091     0.00344021
           0.85           0.85      -0.147223     0.00467216
           0.85            0.9     -0.0399308     0.00565917
           0.85           0.95      0.0945199     0.00584781
           0.85              1       0.213222     0.00845843
           0.85           1.05       0.382351     0.00946991
           0.85            1.1       0.564457      0.0128292
           0.85           1.15       0.739666      0.0126972
            0.9           0.05        98.2874       0.283029
            0.9            0.1        23.5884      0.0820489
            0.9           0.15        9.73112      0.0340268
            0.9            0.2        4.92818      0.0159738
            0.9           0.25        2.70174      0.0104422
            0.9            0.3        1.50837     0.00728177
            0.9            0.4       0.311553     0.00341563
            0.9           0.45     -0.0247654     0.00259493
            0.9            0.5      -0.240903     0.00169575
            0.9           0.55      -0.360154     0.00125131
            0.9            0.6      -0.402918    0.000963732
            0.9           0.65      -0.391887     0.00166538
            0.9            0.7      -0.340922     0.00246625
            0.9           0.75      -0.267774     0.00306611
            0.9            0.8      -0.172423     0.00366103
            0.9           0.85     -0.0536634     0.00601207
            0.9            0.9      0.0569945     0.00542054
            0.9           0.95       0.196527     0.00743613
            0.9              1       0.360206     0.00982836
            0.9           1.05       0.535131      0.0106207
            0.9            1.1       0.751261      0.0123596
            0.9           1.15       0.971035      0.0144984
           0.95           0.05         98.291        0.28989
           0.95            0.1        23.6372      0.0682478
           0.95           0.15        9.71133      0.0318557
           0.95            0.2        4.89828      0.0156822
           0.95           0.25        2.63834      0.0104307
           0.95            0.3         1.4676       0.006786
           0.95            0.4       0.314455     0.00375103
           0.95           0.45     0.00183619     0.00250314
           0.95            0.5       -0.20037     0.00171429
           0.95           0.55      -0.313029     0.00139803
           0.95            0.6      -0.351601     0.00136911
           0.95           0.65       -0.33519     0.00215049
           0.95            0.7      -0.278463     0.00238649
           0.95           0.75      -0.197114     0.00364503
           0.95            0.8     -0.0870355     0.00415902
           0.95           0.85      0.0497251     0.00567687
           0.95            0.9       0.177543     0.00770938
           0.95           0.95       0.335748     0.00794436
           0.95              1       0.526158      0.0103294
           0.95           1.05       0.731066     0.00925473
           0.95            1.1       0.936771      0.0137377
           0.95           1.15         1.1556      0.0145451
              1           0.05        98.8206       0.231423
              1            0.1        23.4728      0.0690406
              1           0.15        9.69555      0.0342394
              1            0.2        4.82019      0.0192815
              1           0.25        2.61531     0.00963391
              1            0.3        1.43676     0.00732964
              1           0.35       0.760474     0.00416227
              1           0.45      0.0400869     0.00268176
              1            0.5      -0.147191     0.00144971
              1           0.55      -0.248165     0.00112281
              1            0.6      -0.277972     0.00150834
              1           0.65      -0.249682     0.00247252
              1            0.7      -0.187781     0.00363938
              1           0.75     -0.0923174     0.00393176
              1            0.8      0.0287764     0.00493795
              1           0.85       0.170481     0.00597096
              1            0.9       0.335823     0.00692512
              1           0.95       0.499934     0.00838451
              1              1       0.698311       0.011403
              1           1.05       0.922121       0.012215
              1            1.1        1.14846      0.0151965
              1           1.15        1.42142      0.0154433
           1.05           0.05        98.4443       0.239489
           1.05            0.1        23.3308      0.0653415
           1.05           0.15        9.61833      0.0325918
           1.05            0.2         4.7633      0.0166504
           1.05           0.25        2.60071      0.0102671
           1.05            0.3        1.42389     0.00833304
           1.05           0.45      0.0919453     0.00224696
           1.05            0.5      -0.078512     0.00156774
           1.05           0.55      -0.162352     0.00165378
           1.05            0.6      -0.180157     0.00205858
           1.05           0.65      -0.152651     0.00295467
           1.05            0.7     -0.0679898     0.00348571
           1.05           0.75      0.0417838     0.00432154
           1.05            0.8       0.187273     0.00587475
           1.05           0.85       0.348913     0.00790917
           1.05            0.9        0.52717      0.0085633
           1.05           0.95       0.725668      0.0110018
           1.05              1       0.950863      0.0115466
           1.05           1.05        1.18934       0.013699
           1.05            1.1        1.45217       0.015809
           1.05           1.15        1.68296        0.01781
            1.1           0.05        97.7812       0.278344
            1.1            0.1         23.417      0.0689601
            1.1           0.15        9.64288      0.0336881
            1.1            0.2        4.80328      0.0161243
            1.1           0.25         2.5961      0.0103499
            1.1            0.3        1.43957     0.00704998
            1.1           0.35       0.787556     0.00471946
            1.1           0.45       0.148045     0.00242641
            1.1            0.5      0.0126622     0.00192758
            1.1           0.55     -0.0556225      0.0019539
            1.1            0.6     -0.0602424     0.00253411
            1.1           0.65    -0.00870381     0.00313396
            1.1            0.7      0.0776661     0.00431111
            1.1           0.75       0.217311     0.00552008
            1.1            0.8       0.370011     0.00734518
            1.1           0.85       0.551919     0.00847011
            1.1            0.9       0.762155      0.0108538
            1.1           0.95        0.96977      0.0107248
            1.1              1        1.21404      0.0137338
            1.1           1.05        1.47331      0.0168024
            1.1            1.1        1.73876      0.0172256
            1.1           1.15        2.09402      0.0185404
           1.15           0.05        98.8709       0.274626
           1.15            0.1         23.356      0.0698849
           1.15           0.15        9.66162       0.031882
           1.15            0.2        4.78057      0.0158298
           1.15           0.25        2.62477      0.0106666
           1.15            0.3        1.48175     0.00716332
           1.15           0.35       0.833267     0.00437065
           1.15            0.5       0.117554     0.00208202
           1.15           0.55      0.0713209     0.00245559
           1.15            0.6      0.0948909     0.00371261
           1.15           0.65       0.161764     0.00456261
           1.15            0.7        0.27015     0.00488884
           1.15           0.75       0.413787       0.006366
           1.15            0.8       0.585807     0.00725778
           1.15           0.85       0.780091     0.00879067
           1.15            0.9        1.02257      0.0116173
