             Mu          Sigma        Energia    Err_Energia           TempPasso Metropolis
            0.5            0.7      -0.242289      0.0146513           0.12            1.9
       0.663983       0.774526      -0.347258      0.0169411           0.12           2.41
       0.648796       0.724152      -0.381595      0.0114706         0.1164           2.31
       0.716576       0.829653      -0.313045      0.0176734       0.112908           2.51
       0.664395       0.584395      -0.392912       0.010006       0.109521           2.31
       0.734233       0.503883      -0.339337      0.0217694       0.106235           0.01
       0.861334       0.607655      -0.419681     0.00795553       0.103048           2.71
       0.834017       0.599515      -0.446295     0.00872308      0.0999566           2.61
       0.742805       0.536254      -0.357775      0.0127675      0.0969579           2.31
       0.649933       0.572945      -0.345153      0.0110284      0.0940492           2.31
       0.730444       0.644062      -0.422892      0.0114183      0.0912277           2.51
       0.751649       0.520299      -0.345874      0.0160193      0.0884909           2.31
       0.713731       0.530681      -0.352152      0.0131115      0.0858362           2.31
       0.714776       0.683422      -0.374533      0.0226205      0.0832611           2.51
       0.785439       0.707024      -0.393943      0.0158917      0.0807633           2.71
       0.889144       0.653998      -0.400932      0.0122971      0.0783404           2.81
       0.814731       0.718503      -0.389748      0.0172878      0.0759901           2.81
       0.796413       0.619529      -0.458101     0.00742267      0.0737104           2.71
       0.890406       0.623199      -0.389681      0.0135447      0.0714991           2.71
       0.808714       0.582251      -0.430902     0.00750879      0.0693542           2.51
       0.864456       0.573848      -0.407132     0.00944718      0.0672735           2.51
       0.919027       0.567288      -0.368203      0.0104928      0.0652553           2.41
       0.801803       0.569192      -0.430809      0.0103546      0.0632977           2.51
       0.789294       0.709681      -0.391656      0.0152406      0.0613987           2.71
       0.871822        0.64135      -0.403393      0.0144117      0.0595568           2.81
       0.871045       0.708014      -0.353536      0.0275855      0.0577701           2.91
       0.875128       0.638075       -0.41955      0.0127433       0.056037           2.81
       0.797419       0.612148      -0.444931     0.00657547      0.0543559           2.51
       0.879509       0.599834      -0.420245     0.00962916      0.0527252           2.51
       0.850968       0.585742      -0.436277      0.0103858      0.0511434           2.61
       0.833575        0.56889      -0.432641      0.0112907      0.0496091           2.51
        0.75434       0.621636      -0.434724     0.00652278      0.0481208           2.61
       0.736451       0.636996      -0.437454     0.00752447      0.0466772           2.51
       0.760157       0.650715       -0.44106     0.00888269      0.0452769           2.61
       0.728083       0.626164      -0.423246     0.00785511      0.0439186           2.41
       0.684133       0.624496      -0.393714     0.00839963       0.042601           2.41
       0.773039       0.568411      -0.427545       0.010131       0.041323           2.51
       0.827718        0.61909      -0.456066     0.00648562      0.0400833           2.71
       0.789432       0.621493       -0.45268     0.00620298      0.0388808           2.61
       0.823877       0.612441      -0.445004     0.00591712      0.0377144           2.61
       0.792239       0.653914      -0.421449      0.0123389       0.036583           2.71
       0.795284       0.679889      -0.437342     0.00893995      0.0354855           2.71
       0.769771       0.685831      -0.440616     0.00789129      0.0344209           2.61
       0.761803       0.710692      -0.420116      0.0101656      0.0333883           2.61
       0.728946       0.725279      -0.382289       0.017977      0.0323866           2.51
       0.751997       0.732134       -0.38027      0.0185109       0.031415           2.71
       0.757481       0.742596      -0.362459      0.0196538      0.0304726           2.71
       0.719155       0.743253       -0.35654      0.0199854      0.0295584           2.51
       0.764917       0.759905      -0.332275      0.0182687      0.0286717           2.61
       0.770201        0.69734      -0.405005      0.0167018      0.0278115           2.71
        0.76263       0.655441      -0.433278     0.00817887      0.0269772           2.61
       0.767453        0.63244      -0.446044     0.00611677      0.0261678           2.61
       0.789148       0.587325      -0.431186     0.00832947      0.0253828           2.51
       0.820504       0.605288      -0.442935     0.00693735      0.0246213           2.61
        0.84796       0.614027      -0.421969      0.0136164      0.0238827           2.71
       0.820716       0.606423      -0.450882     0.00901044      0.0231662           2.61
       0.804327       0.630056      -0.447833     0.00704528      0.0224712           2.61
       0.815338       0.644829      -0.441839       0.008328      0.0217971           2.71
       0.818037       0.626107      -0.441477      0.0107248      0.0211432           2.71
       0.814002        0.57542      -0.440371     0.00977554      0.0205089           2.51
       0.783852       0.576416      -0.430343     0.00813035      0.0198936           2.41
       0.803682       0.566124      -0.445654      0.0104902      0.0192968           2.51
       0.807077        0.57242      -0.434315     0.00857149      0.0187179           2.41
       0.830614       0.571178      -0.427431     0.00962661      0.0181564           2.51
       0.832716       0.594426      -0.446208     0.00771645      0.0176117           2.61
        0.79331       0.596917      -0.444781     0.00930251      0.0170833           2.61
         0.8054       0.604252      -0.433635     0.00830631      0.0165708           2.61
       0.778836        0.59073      -0.448873     0.00750251      0.0160737           2.51
       0.772759       0.597551       -0.42768     0.00833977      0.0155915           2.51
       0.802439       0.601401      -0.446264     0.00674816      0.0151237           2.51
       0.800892       0.598958      -0.445738     0.00825781        0.01467           2.61
        0.81065       0.602811      -0.442931     0.00580181      0.0142299           2.61
       0.813466       0.600095      -0.448009     0.00746137       0.013803           2.61
       0.804633        0.59578      -0.447336      0.0059432      0.0133889           2.71
       0.809495       0.608865      -0.456398     0.00649424      0.0129873           2.61
       0.785963       0.637596      -0.454227     0.00536109      0.0125977           2.71
       0.799801       0.630938      -0.448135     0.00669709      0.0122197           2.61
       0.802107        0.63036      -0.454877     0.00647179      0.0118531           2.61
       0.776359       0.624972      -0.441542     0.00612032      0.0114975           2.61
       0.794028       0.639871       -0.44832     0.00817666      0.0111526           2.71
       0.791968       0.645272      -0.432001       0.011807       0.010818           2.71
       0.771184       0.638063      -0.447455     0.00680119      0.0104935           2.61
       0.751164       0.633015      -0.430055     0.00811193      0.0101787           2.51
       0.751072        0.62658      -0.410787     0.00901962     0.00987333           2.51
       0.757938       0.625943      -0.442921     0.00636299     0.00957713           2.61
       0.764988       0.642706      -0.443811      0.0102358     0.00928981           2.61
       0.763007       0.640897      -0.438213     0.00906583     0.00901112           2.61
       0.758337       0.645412      -0.432214     0.00610943     0.00874078           2.61
       0.761326       0.638567      -0.433728      0.0183334     0.00847856           2.61
       0.761846       0.641569       -0.44409     0.00636348      0.0082242           2.61
       0.763465       0.647026      -0.448384     0.00625699     0.00797748           2.61
       0.762749       0.645556      -0.452934     0.00705872     0.00773815           2.61
       0.763504       0.657712       -0.44241      0.0080139     0.00750601           2.61
       0.758839       0.655334      -0.443457     0.00735655     0.00728083           2.71
       0.759176       0.650503      -0.441317     0.00665658      0.0070624           2.61
       0.763376       0.654152       -0.44008     0.00913855     0.00685053           2.61
       0.760258       0.661578      -0.424012      0.0092275     0.00664502           2.51
       0.763008       0.663294       -0.45507     0.00630283     0.00644567           2.61
       0.764408       0.659626        -0.4438     0.00769067      0.0062523           2.61
       0.773943        0.65398      -0.434798     0.00897909     0.00606473           2.71
        0.77254       0.650014      -0.437404     0.00874184     0.00588278           2.51
       0.767579       0.653485      -0.459612      0.0066072      0.0057063           2.61
       0.770085       0.662522      -0.443485     0.00664448     0.00553511           2.61
       0.771881       0.659575      -0.437901     0.00720343     0.00536906           2.71
       0.767709       0.650799      -0.443745     0.00729537     0.00520799           2.61
       0.769145       0.649441      -0.444451     0.00779158     0.00505175           2.51
        0.76938       0.655059      -0.449064     0.00543539     0.00490019           2.61
       0.773797       0.653817      -0.454078     0.00655633     0.00475319           2.61
       0.769837       0.650805      -0.447255     0.00679403     0.00461059           2.71
       0.763132        0.64584      -0.451998     0.00629139     0.00447228           2.61
       0.763313       0.641133      -0.447745     0.00707555     0.00433811           2.61
        0.76193       0.645716      -0.444176     0.00655513     0.00420796           2.61
       0.760997       0.649202       -0.44686     0.00620193     0.00408173           2.61
       0.760685       0.644988      -0.454552     0.00560039     0.00395927           2.61
       0.761351       0.642399      -0.443142     0.00661746      0.0038405           2.71
       0.756009       0.646863      -0.451298     0.00679553     0.00372528           2.61
       0.751023       0.646754      -0.458207     0.00664214     0.00361352           2.61
       0.750702       0.644645      -0.453754     0.00570966     0.00350512           2.61
       0.753088       0.645054      -0.454854     0.00683258     0.00339996           2.61
       0.753999       0.646595      -0.451459     0.00721199     0.00329796           2.51
       0.751585       0.647779      -0.447931     0.00669632     0.00319902           2.61
       0.756181       0.649998      -0.440846     0.00917836     0.00310305           2.61
       0.755263       0.650857      -0.446807     0.00682038     0.00300996           2.61
       0.756182       0.651822      -0.453108     0.00695527     0.00291966           2.61
       0.755738       0.652513      -0.448926     0.00612662     0.00283207           2.61
       0.761702       0.642678      -0.455046     0.00702221     0.00274711           2.61
       0.762754        0.63979      -0.449848     0.00728833      0.0026647           2.51
       0.759083       0.640114      -0.453725     0.00582155     0.00258476           2.71
       0.759024       0.637704      -0.453552     0.00598878     0.00250721           2.61
       0.759039        0.63765      -0.465098     0.00617693       0.002432           2.61
       0.759039        0.63765      -0.465098     0.00617693     0.00235904           2.61
       0.759039        0.63765      -0.465098     0.00617693     0.00228827           2.61
       0.759039        0.63765      -0.465098     0.00617693     0.00221962           2.61
       0.759039        0.63765      -0.465098     0.00617693     0.00215303           2.61
       0.759039        0.63765      -0.465098     0.00617693     0.00208844           2.61
       0.759039        0.63765      -0.465098     0.00617693     0.00202579           2.61
