#     BLOCK:  ACTUAL_PE:     PE_AVE:      ERROR:
           1    -7.55247    -7.55247           0
           2    -7.54877    -7.55062  0.00130848
           3    -7.53187    -7.54437  0.00517591
           4    -7.56806    -7.55029  0.00643271
           5     -7.5327    -7.54677  0.00603228
           6    -7.56884    -7.55045  0.00604504
           7    -7.53123     -7.5477  0.00577119
           8    -7.54645    -7.54755  0.00505191
           9    -7.53504    -7.54616  0.00467771
          10    -7.55663    -7.54721  0.00432558
          11    -7.55134    -7.54758  0.00394863
          12    -7.57078    -7.54952  0.00406554
          13     -7.5722    -7.55126  0.00411029
          14    -7.53732    -7.55026  0.00393538
          15    -7.52995    -7.54891  0.00389915
          16    -7.53873    -7.54827  0.00370705
          17     -7.5472    -7.54821  0.00348952
          18    -7.53836    -7.54766  0.00333831
          19    -7.54866    -7.54772  0.00316302
          20    -7.55824    -7.54824  0.00304829
          21    -7.54211    -7.54795  0.00291709
          22    -7.56368    -7.54866  0.00287082
          23     -7.5604    -7.54918  0.00279099
          24    -7.52736    -7.54827  0.00281878
          25    -7.55729    -7.54863  0.00272903
          26    -7.54791     -7.5486  0.00262421
          27    -7.52802    -7.54784  0.00263536
          28    -7.56557    -7.54847  0.00261624
          29    -7.54472    -7.54834  0.00252922
          30     -7.5458    -7.54826  0.00244633
          31    -7.55727    -7.54855  0.00238463
          32    -7.55794    -7.54884   0.0023281
          33    -7.54405     -7.5487  0.00226208
          34    -7.55937    -7.54901  0.00221724
          35    -7.53847    -7.54871  0.00217423
          36    -7.54634    -7.54864  0.00211483
          37    -7.52829    -7.54809  0.00212799
          38    -7.56353     -7.5485  0.00211041
          39    -7.54125    -7.54831  0.00206446
          40    -7.55833    -7.54856  0.00202798
          41     -7.5191    -7.54785  0.00210202
          42    -7.53555    -7.54755  0.00207226
          43     -7.5428    -7.54744  0.00202702
          44    -7.55855    -7.54769  0.00199661
          45    -7.52875    -7.54727  0.00199613
          46    -7.55393    -7.54742  0.00195798
          47    -7.53207    -7.54709  0.00194336
          48     -7.5663    -7.54749  0.00194364
          49    -7.54811     -7.5475  0.00190402
          50    -7.55365    -7.54763   0.0018699
          51    -7.53836    -7.54745  0.00184204
          52     -7.5281    -7.54707  0.00184378
          53    -7.53212    -7.54679  0.00183044
          54    -7.54815    -7.54682  0.00179672
          55    -7.53823    -7.54666  0.00177082
          56    -7.53606    -7.54647  0.00174929
          57    -7.56451    -7.54679  0.00174701
          58     -7.5316    -7.54653  0.00173641
          59    -7.52759     -7.5462  0.00173639
          60    -7.57024    -7.54661  0.00175306
          61     -7.5378    -7.54646  0.00173026
          62    -7.56704    -7.54679  0.00173389
          63    -7.55021    -7.54685  0.00170721
          64    -7.55962    -7.54705  0.00169217
          65    -7.52921    -7.54677  0.00168825
          66    -7.53945    -7.54666  0.00166631
          67    -7.56491    -7.54693  0.00166355
          68    -7.54337    -7.54688  0.00163991
          69    -7.54847     -7.5469   0.0016163
          70    -7.52794    -7.54663  0.00161576
          71    -7.55284    -7.54672  0.00159536
          72    -7.55534    -7.54684  0.00157769
          73    -7.54717    -7.54685  0.00155608
          74    -7.57206    -7.54719  0.00157193
          75    -7.53122    -7.54697  0.00156532
          76    -7.55509    -7.54708  0.00154837
          77    -7.53838    -7.54697  0.00153238
          78    -7.55878    -7.54712   0.0015202
          79    -7.56605    -7.54736  0.00151973
          80    -7.54626    -7.54734  0.00150079
          81    -7.56951    -7.54762  0.00150701
          82    -7.55567    -7.54772  0.00149183
          83    -7.51834    -7.54736  0.00151526
          84    -7.54129    -7.54729  0.00149895
          85    -7.54375    -7.54725  0.00148189
          86    -7.54371    -7.54721  0.00146524
          87    -7.55138    -7.54725  0.00144918
          88    -7.54522    -7.54723   0.0014329
          89    -7.54864    -7.54725  0.00141688
          90     -7.5414    -7.54718  0.00140263
          91    -7.52822    -7.54697  0.00140261
          92    -7.55866     -7.5471   0.0013931
          93    -7.52461    -7.54686  0.00139895
          94    -7.54366    -7.54683  0.00138448
          95    -7.56833    -7.54705  0.00138829
          96    -7.54432    -7.54702  0.00137412
          97    -7.54935    -7.54705  0.00136016
          98    -7.53834    -7.54696  0.00134918
          99     -7.5207    -7.54669  0.00136137
         100     -7.5359    -7.54659  0.00135202
         101    -7.54102    -7.54653  0.00133976
         102    -7.54179    -7.54648  0.00132743
         103    -7.56053    -7.54662  0.00132153
         104    -7.54314    -7.54659  0.00130925
         105    -7.52123    -7.54635  0.00131886
         106    -7.54621    -7.54634  0.00130642
         107    -7.56523    -7.54652  0.00130608
         108    -7.53516    -7.54642  0.00129821
         109    -7.53886    -7.54635  0.00128815
         110    -7.53827    -7.54627  0.00127853
         111    -7.55254    -7.54633  0.00126826
         112    -7.55294    -7.54639  0.00125831
         113    -7.53422    -7.54628  0.00125177
         114    -7.55646    -7.54637  0.00124397
         115    -7.54103    -7.54632  0.00123402
         116    -7.53772    -7.54625  0.00122561
         117    -7.57078    -7.54646  0.00123294
         118    -7.55903    -7.54657  0.00122709
         119    -7.53255    -7.54645  0.00122242
         120    -7.56445     -7.5466  0.00122141
         121    -7.53993    -7.54654  0.00121255
         122    -7.55189    -7.54659  0.00120341
         123    -7.54325    -7.54656  0.00119393
         124     -7.5555    -7.54663  0.00118648
         125    -7.53946    -7.54657  0.00117837
         126    -7.55868    -7.54667  0.00117293
         127    -7.56939    -7.54685  0.00117726
         128    -7.55893    -7.54694  0.00117184
         129    -7.53948    -7.54689  0.00116418
         130    -7.52575    -7.54672  0.00116652
         131    -7.53108     -7.5466  0.00116372
         132    -7.54583     -7.5466  0.00115492
         133    -7.55562    -7.54667  0.00114823
         134    -7.54025    -7.54662  0.00114066
         135    -7.54326    -7.54659  0.00113248
         136    -7.52958    -7.54647  0.00113104
         137    -7.56109    -7.54657   0.0011278
         138    -7.54151    -7.54654  0.00112023
         139    -7.54999    -7.54656  0.00111244
         140     -7.5482    -7.54657  0.00110456
         141    -7.54057    -7.54653  0.00109754
         142    -7.55533    -7.54659  0.00109156
         143    -7.54249    -7.54656   0.0010843
         144    -7.54198    -7.54653  0.00107724
         145    -7.54619    -7.54653  0.00106981
         146    -7.55452    -7.54659  0.00106389
         147     -7.5395    -7.54654  0.00105774
         148     -7.5838    -7.54679  0.00108014
         149    -7.54025    -7.54675  0.00107378
         150    -7.56871    -7.54689  0.00107657
         151    -7.56493    -7.54701  0.00107604
         152    -7.53018     -7.5469  0.00107465
         153    -7.56546    -7.54702  0.00107445
         154    -7.56558    -7.54714  0.00107421
         155    -7.54118     -7.5471  0.00106797
         156      -7.537    -7.54704  0.00106309
         157    -7.53594    -7.54697  0.00105866
         158    -7.56125    -7.54706  0.00105581
         159    -7.54735    -7.54706  0.00104917
         160    -7.51519    -7.54686  0.00106136
         161    -7.55069    -7.54688  0.00105503
         162    -7.53381     -7.5468   0.0010516
         163    -7.53918    -7.54676  0.00104619
         164    -7.54237    -7.54673  0.00104015
         165    -7.54504    -7.54672   0.0010339
         166    -7.55676    -7.54678  0.00102944
         167    -7.57345    -7.54694  0.00103559
         168    -7.55852    -7.54701  0.00103172
         169    -7.54984    -7.54703  0.00102575
         170    -7.52623     -7.5469  0.00102698
         171    -7.55632    -7.54696  0.00102245
         172    -7.54393    -7.54694  0.00101666
         173    -7.55526    -7.54699  0.00101191
         174    -7.56409    -7.54709  0.00101086
         175    -7.52278    -7.54695  0.00101458
         176    -7.53194    -7.54686  0.00101239
         177    -7.53455    -7.54679  0.00100906
         178    -7.55911    -7.54686  0.00100576
         179    -7.53284    -7.54678  0.00100319
         180    -7.55101    -7.54681 0.000997891
         181    -7.56342     -7.5469 0.000996591
         182    -7.55023    -7.54692 0.000991283
         183    -7.52176    -7.54678 0.000995353
         184     -7.5411    -7.54675 0.000990422
         185    -7.53077    -7.54666 0.000988829
         186    -7.52452    -7.54654 0.000990651
         187    -7.54011    -7.54651 0.000985951
         188    -7.54777    -7.54652 0.000980729
         189    -7.55127    -7.54654 0.000975863
         190    -7.53413    -7.54648 0.000972912
         191    -7.53121     -7.5464 0.000971096
         192    -7.54374    -7.54638 0.000966137
         193    -7.52654    -7.54628 0.000966588
         194    -7.57922    -7.54645 0.000976408
         195    -7.52919    -7.54636 0.000975407
         196    -7.54562    -7.54636 0.000970437
         197    -7.55157    -7.54638 0.000965872
         198     -7.5643    -7.54647 0.000965222
         199    -7.52878    -7.54639 0.000964458
         200    -7.54856     -7.5464 0.000959697
