#     BLOCK:   ACTUAL_P:     P_AVE:       ERROR:
           1     7.56414     7.56414           0
           2     7.58848     7.57631  0.00860554
           3     7.67293     7.60851   0.0269151
           4      7.4787     7.57606   0.0346034
           5     7.67497     7.59584   0.0328539
           6     7.47472     7.57565   0.0330029
           7     7.67402     7.58971   0.0311362
           8     7.59572     7.59046   0.0272532
           9     7.65707     7.59786     0.02521
          10     7.54445     7.59252   0.0232478
          11      7.5656     7.59007   0.0212628
          12     7.45689     7.57897   0.0221992
          13     7.45216     7.56922   0.0225332
          14     7.64273     7.57447   0.0215269
          15     7.69095     7.58223   0.0214468
          16      7.6355     7.58556   0.0203631
          17     7.59175     7.58593   0.0191685
          18     7.63941      7.5889   0.0183325
          19     7.58136      7.5885   0.0173719
          20     7.52453      7.5853   0.0167952
          21     7.61921     7.58692   0.0160729
          22     7.49672     7.58282   0.0158566
          23     7.51944     7.58006   0.0154047
          24     7.69362     7.58479   0.0154725
          25     7.53364     7.58275   0.0149883
          26     7.58544     7.58285   0.0144122
          27     7.69641     7.58706   0.0144791
          28     7.48168     7.58329   0.0144429
          29      7.6052     7.58405   0.0139646
          30     7.60358      7.5847   0.0135142
          31     7.53333     7.58304   0.0131795
          32     7.53453     7.58153   0.0128546
          33     7.60366      7.5822   0.0124825
          34     7.52562     7.58053   0.0122258
          35     7.63672     7.58214   0.0119814
          36      7.5961     7.58253   0.0116548
          37     7.69332     7.58552   0.0117182
          38     7.50051     7.58328   0.0116214
          39     7.62182     7.58427   0.0113653
          40     7.52922      7.5829   0.0111642
          41     7.74664     7.58689   0.0115843
          42     7.65313     7.58847   0.0114153
          43     7.61615     7.58911    0.011168
          44     7.53334     7.58784   0.0109858
          45      7.6857     7.59002   0.0109548
          46     7.55387     7.58923   0.0107448
          47     7.66737     7.59089   0.0106441
          48     7.48712     7.58873   0.0106396
          49      7.5827     7.58861   0.0104232
          50     7.55164     7.58787   0.0102409
          51     7.63794     7.58885   0.0100871
          52     7.69749     7.59094   0.0101071
          53     7.67378      7.5925   0.0100365
          54     7.58636     7.59239  0.00985133
          55     7.64175     7.59329  0.00971301
          56     7.65295     7.59435   0.0095978
          57     7.49123     7.59254  0.00959843
          58     7.67977     7.59405  0.00955003
          59     7.69346     7.59573  0.00953564
          60     7.46619     7.59357  0.00961803
          61     7.64248     7.59438  0.00949371
          62     7.47908     7.59252  0.00952098
          63     7.57563     7.59225  0.00937362
          64     7.52113     7.59114   0.0092928
          65     7.69108     7.59267  0.00927616
          66     7.63124     7.59326  0.00915399
          67      7.4934     7.59177   0.0091379
          68     7.61038     7.59204  0.00900761
          69     7.58757     7.59198   0.0088773
          70     7.69204     7.59341  0.00886482
          71     7.56003     7.59294  0.00875241
          72     7.54357     7.59225  0.00865767
          73     7.58929     7.59221  0.00853916
          74     7.45581     7.59037  0.00862042
          75     7.67963     7.59156  0.00858724
          76     7.55141     7.59103  0.00849049
          77     7.63905     7.59165  0.00840309
          78     7.52212     7.59076   0.0083425
          79     7.48436     7.58941  0.00834491
          80     7.59939     7.58954  0.00824153
          81     7.46692     7.58802  0.00827763
          82     7.54307     7.58748  0.00819482
          83     7.74474     7.58937  0.00831224
          84     7.62898     7.58984  0.00822665
          85     7.60726     7.59005  0.00813242
          86     7.60736     7.59025  0.00804035
          87     7.56594     7.58997  0.00795279
          88     7.61012      7.5902  0.00786571
          89     7.58161      7.5901  0.00777792
          90     7.62013     7.59044  0.00769865
          91     7.69171     7.59155  0.00769406
          92     7.52936     7.59087  0.00764007
          93     7.71576     7.59222  0.00767502
          94     7.60979      7.5924  0.00759565
          95     7.47517     7.59117  0.00761528
          96     7.60379      7.5913  0.00753709
          97      7.5734     7.59112  0.00746164
          98     7.63878      7.5916  0.00740134
          99     7.73384     7.59304  0.00746473
         100     7.64705     7.59358  0.00740959
         101     7.61461     7.59379  0.00733915
         102     7.61167     7.59396   0.0072693
         103     7.52032     7.59325  0.00723379
         104     7.61287     7.59344  0.00716669
         105      7.7292     7.59473  0.00721413
         106      7.5936     7.59472  0.00714608
         107     7.49273     7.59376  0.00714258
         108     7.65678     7.59435  0.00710023
         109     7.63721     7.59474  0.00704597
         110     7.63707     7.59513  0.00699242
         111     7.55652     7.59478  0.00693807
         112     7.55991     7.59447  0.00688311
         113     7.66015     7.59505  0.00684669
         114     7.54578     7.59462  0.00680026
         115     7.62256     7.59486  0.00674547
         116     7.64389     7.59528  0.00670054
         117     7.46341     7.59415  0.00673741
         118     7.52811      7.5936  0.00670352
         119     7.66681     7.59421  0.00667536
         120     7.49488     7.59338  0.00667086
         121     7.62452     7.59364  0.00662069
         122     7.56153     7.59338  0.00657165
         123     7.61153     7.59352  0.00651988
         124     7.53969     7.59309  0.00648174
         125     7.63284     7.59341  0.00643768
         126     7.52922      7.5929  0.00640672
         127     7.47149     7.59194   0.0064272
         128     7.52372     7.59141  0.00639905
         129     7.63258     7.59173   0.0063574
         130     7.70896     7.59263  0.00637212
         131     7.68019      7.5933  0.00635844
         132     7.60368     7.59338  0.00631075
         133     7.54126     7.59299  0.00627546
         134     7.63192     7.59328  0.00623535
         135     7.60884     7.59339  0.00619023
         136     7.68905      7.5941  0.00618454
         137     7.51283      7.5935  0.00616778
         138     7.62067      7.5937  0.00612622
         139     7.57191     7.59354  0.00608415
         140     7.58555     7.59348  0.00604096
         141     7.63266     7.59376   0.0060045
         142     7.54777     7.59344  0.00597095
         143     7.61764     7.59361  0.00593159
         144     7.62158      7.5938  0.00589358
         145     7.58952     7.59377  0.00585301
         146     7.54649     7.59345  0.00582187
         147     7.62684     7.59368   0.0057867
         148     7.38602     7.59227  0.00591525
         149     7.62692     7.59251  0.00588012
         150     7.47257     7.59171  0.00589502
         151     7.49068     7.59104  0.00589383
         152     7.68977     7.59169  0.00589074
         153     7.48831     7.59101  0.00589086
         154     7.49025     7.59036  0.00588883
         155     7.62358     7.59057  0.00585473
         156     7.65077     7.59096  0.00582991
         157     7.66148     7.59141  0.00581005
         158     7.50923     7.59089  0.00579651
         159     7.58937     7.59088  0.00576006
         160     7.76511     7.59197  0.00582609
         161      7.5698     7.59183  0.00579153
         162     7.66136     7.59226  0.00577166
         163     7.63778     7.59254  0.00574301
         164     7.61968      7.5927  0.00571037
         165     7.60193     7.59276  0.00567604
         166     7.54554     7.59247  0.00564897
         167     7.44509     7.59159  0.00568367
         168     7.53102     7.59123  0.00566126
         169     7.57753     7.59115  0.00562834
         170     7.70711     7.59183  0.00563642
         171     7.53957     7.59153  0.00561173
         172     7.61118     7.59164  0.00558027
         173     7.54158     7.59135  0.00555551
         174     7.49226     7.59078   0.0055527
         175     7.73123     7.59158  0.00557867
         176     7.67212     7.59204   0.0055657
         177     7.66154     7.59243  0.00554809
         178     7.53296      7.5921  0.00552697
         179     7.66786     7.59252  0.00551228
         180     7.56653     7.59238  0.00548355
         181     7.50015     7.59187  0.00547688
         182     7.56684     7.59173  0.00544851
         183      7.7316      7.5925  0.00547208
         184     7.61822     7.59264  0.00544413
         185     7.67861      7.5931   0.0054345
         186     7.71256     7.59374   0.0054431
         187     7.62439     7.59391  0.00541646
         188     7.59352      7.5939  0.00538765
         189     7.56143     7.59373  0.00536188
         190     7.65867     7.59407  0.00534454
         191     7.67855     7.59452  0.00533483
         192      7.6059     7.59458  0.00530737
         193     7.70882     7.59517  0.00531278
         194     7.41187     7.59422  0.00536875
         195     7.69156     7.59472  0.00536437
         196     7.59127      7.5947  0.00533703
         197     7.56187     7.59454  0.00531255
         198     7.49604     7.59404  0.00530895
         199     7.68812     7.59451  0.00530328
         200     7.58385     7.59446  0.00527703
