       -0.136874       -0.397883        -1.27057
         1.14141        0.961031       -0.208312
        -1.16292        -1.24279       0.0205902
       -0.550417       -0.706411        -1.77633
        -1.16786        0.190672       0.0929425
        -1.49565        -3.96124        0.509177
         2.72803          0.3246        0.112215
         1.09428      -0.0915502       -0.515631
       -0.105404        0.691945       -0.830163
        0.536874       -0.128622        0.967562
         0.66507        -0.12924       -0.205477
       -0.595076        -0.89132       -0.766777
        0.850919         1.66897         1.61738
       0.0946083       -0.033078         -0.4507
        0.755066       -0.220618       -0.908692
        -1.07035         1.15693        0.300291
        0.800922       -0.859172       -0.694833
        0.473966        0.453916         1.38723
        0.394811         0.86473        0.878846
        0.218416       -0.292063         2.12194
       -0.139332       -0.575291      -0.0116711
        0.586443       -0.871381        -1.07653
       -0.788782        -1.69536      -0.0157549
        -1.48116       -0.250254       -0.904006
         -1.0949      0.00130846        0.340562
        0.217912        0.334405         -1.1598
        -1.59085     -0.00243158       -0.953833
       0.0464122         1.30067        0.364936
        0.480368        0.392812        0.165987
       -0.904367        -1.00286       -0.403838
        0.784983        0.534848        -0.40686
       -0.088386       -0.903776         1.09733
        -0.13032        -1.89648        -1.36241
          1.2333        -3.27354       -0.486552
         1.75915        0.885792       -0.809999
        0.562872         0.74889       -0.428886
        0.232588        0.521112      -0.0788486
        -1.07693       -0.456727        -1.08223
        0.791437       -0.150504        0.674799
        -1.22697        0.142012         0.47351
        0.595086        -1.97414       -0.841486
        0.315836         1.17306        -1.06464
        0.692615        -0.95152         3.44386
       -0.930752      -0.0713604        0.244874
        -2.78667        0.992015        0.229895
        0.145363         1.22837         2.95128
         0.18794       -0.797239       -0.931932
       -0.549737         -1.1652        0.752753
        0.313548       -0.925892        -1.84507
          -1.747        -1.35112         2.75564
         -1.2186        -0.38317        0.357352
        -1.96866        0.545383       0.0207854
       -0.906325       -0.670015         1.33713
       0.0777483        0.158026       -0.534874
        0.423834        0.602474       -0.203333
         -0.4782        0.414935        0.592433
        -1.76045       -0.414518         1.31174
         1.25796        -1.59319       0.0175721
         0.48337        0.732239       -0.996385
        -1.20045         1.55364         2.53063
       -0.305351       -0.568584        -0.54489
         1.42442       -0.431002        0.428015
         0.70655        0.637211       -0.100528
       -0.177229           2.549       -0.917922
        -0.34499         0.16875        0.686666
       0.0102408        -1.07875       -0.433209
        0.153907         1.16432        -1.73802
       -0.201666         0.05342        -1.83705
        0.530168         1.82059          0.2517
        0.696661        0.330815        -1.19496
        0.378728        -0.76461       -0.489159
        -1.39917         1.07436       -0.421212
        -0.68511         1.73947         1.32052
        -1.66114         1.10945        -1.31063
        -2.47816        0.880834       -0.376444
       -0.454986         1.21258       -0.838546
        -2.20298       -0.208908         1.04906
         1.46296        -0.90472        -1.49956
       -0.876894       -0.621376       -0.394624
         0.74613         1.10268        0.907699
         1.12703        -2.03736        0.766372
        -1.30832         1.36339       -0.105574
         1.14211         1.85758       0.0204663
         1.33645        0.421719         1.78451
        0.465357       -0.450605        0.594052
        -1.19933        0.839305       -0.261487
      -0.0538955        0.167586        0.211277
         1.54499        0.849546        0.237689
         1.52284       -0.413775        -1.72712
        -2.33699       0.0189707       -0.909082
         1.35346         1.43109        0.570753
       -0.955356       -0.196255        0.290877
       0.0033549          0.0365        0.455189
        -2.32915         0.42678         1.50825
         1.50246       -0.751857        -1.12499
         2.37966       -0.201776       -0.134135
         1.60495        -1.64708        -1.13149
       -0.135212         2.02459         1.62185
        0.323417        0.880337       -0.703886
        0.542467        0.426399        -2.06575
         1.77025       -0.528377        0.261229
        -1.37368        0.212283       -0.540674
         1.36154        0.489452         3.33014
      -0.0393181         1.13833       -0.644449
          1.6332        -1.52278        0.919167
       -0.114933        -1.31931       -0.316377
       0.0969979         0.71212        0.314968
         2.22381        -1.73714       -0.213479
