#   BLOCK:  TEMPERATURE:
           0       1.985
           0     1.98498
           0     1.98493
           0     1.98484
           0     1.98471
           0     1.98455
           0     1.98436
           0     1.98413
           0     1.98386
           0     1.98356
           0     1.98322
           0     1.98284
           0     1.98243
           0     1.98198
           0     1.98149
           0     1.98097
           0     1.98041
           0     1.97981
           0     1.97917
           0      1.9785
           0     1.97778
           0     1.97702
           0     1.97623
           0     1.97539
           0     1.97451
           0     1.97359
           0     1.97263
           0     1.97162
           0     1.97057
           0     1.96947
           0     1.96833
           0     1.96714
           0      1.9659
           0     1.96462
           0     1.96329
           0     1.96191
           0     1.96047
           0     1.95899
           0     1.95745
           0     1.95585
           0      1.9542
           0      1.9525
           0     1.95073
           0     1.94891
           0     1.94703
           0     1.94508
           0     1.94307
           0       1.941
           0     1.93886
           0     1.93666
           0     1.93438
           0     1.93204
           0     1.92962
           0     1.92713
           0     1.92457
           0     1.92192
           0     1.91921
           0     1.91641
           0     1.91353
           0     1.91057
           0     1.90752
           0     1.90439
           0     1.90116
           0     1.89785
           0     1.89445
           0     1.89095
           0     1.88736
           0     1.88367
           0     1.87988
           0     1.87599
           0     1.87199
           0     1.86789
           0     1.86368
           0     1.85937
           0     1.85495
           0     1.85041
           0     1.84576
           0       1.841
           0     1.83612
           0     1.83112
           0     1.82601
           0     1.82077
           0     1.81541
           0     1.80993
           0     1.80432
           0     1.79859
           0     1.79273
           0     1.78675
           0     1.78064
           0      1.7744
           0     1.76803
           0     1.76153
           0      1.7549
           0     1.74814
           0     1.74125
           0     1.73424
           0      1.7271
           0     1.71983
           0     1.71243
           0     1.70491
           0     1.69727
           0     1.68951
           0     1.68162
           0     1.67362
           0      1.6655
           0     1.65727
           0     1.64893
           0     1.64049
           0     1.63194
           0     1.62329
           0     1.61454
           0      1.6057
           0     1.59677
           0     1.58776
           0     1.57867
           0      1.5695
           0     1.56026
           0     1.55096
           0      1.5416
           0     1.53218
           0     1.52271
           0     1.51319
           0     1.50364
           0     1.49405
           0     1.48443
           0     1.47479
           0     1.46513
           0     1.45546
           0     1.44579
           0     1.43611
           0     1.42644
           0     1.41678
           0     1.40714
           0     1.39752
           0     1.38792
           0     1.37835
           0     1.36882
           0     1.35934
           0      1.3499
           0     1.34051
           0     1.33118
           0     1.32191
           0      1.3127
           0     1.30357
           0     1.29451
           0     1.28553
           0     1.27664
           0     1.26783
           0     1.25912
           0      1.2505
           0     1.24199
           0     1.23358
           0     1.22528
           0      1.2171
           0     1.20903
           0     1.20108
           0     1.19327
           0     1.18558
           0     1.17802
           0     1.17061
           0     1.16333
           0      1.1562
           0     1.14922
           0      1.1424
           0     1.13573
           0     1.12922
           0     1.12287
           0     1.11669
           0     1.11068
           0     1.10485
           0     1.09919
           0     1.09372
           0     1.08842
           0     1.08331
           0     1.07839
           0     1.07366
           0     1.06912
           0     1.06478
           0     1.06063
           0     1.05668
           0     1.05293
           0     1.04938
           0     1.04603
           0     1.04287
           0     1.03992
           0     1.03717
           0     1.03462
           0     1.03227
           0     1.03011
           0     1.02815
           0     1.02638
           0     1.02479
           0      1.0234
           0     1.02218
           0     1.02115
           0     1.02029
           0      1.0196
           0     1.01908
           0     1.01871
           0      1.0185
           0     1.01844
           0     1.01852
           0     1.01874
           0     1.01909
           0     1.01955
           0     1.02014
           0     1.02084
           0     1.02164
           0     1.02253
           0     1.02351
           0     1.02458
           0     1.02572
           0     1.02693
           0      1.0282
           0     1.02952
           0     1.03089
           0      1.0323
           0     1.03375
           0     1.03522
           0     1.03672
           0     1.03824
           0     1.03977
           0     1.04131
           0     1.04285
           0     1.04439
           0     1.04592
           0     1.04744
           0     1.04895
           0     1.05045
           0     1.05192
           0     1.05337
           0      1.0548
           0      1.0562
           0     1.05757
           0     1.05891
           0     1.06021
           0     1.06149
           0     1.06273
           0     1.06394
           0     1.06511
           0     1.06624
           0     1.06734
           0     1.06841
           0     1.06944
           0     1.07043
           0     1.07139
           0     1.07231
           0      1.0732
           0     1.07406
           0     1.07489
           0     1.07568
           0     1.07645
           0     1.07719
           0     1.07791
           0     1.07859
           0     1.07926
           0      1.0799
           0     1.08051
           0     1.08111
           0     1.08169
           0     1.08225
           0      1.0828
           0     1.08333
           0     1.08384
           0     1.08435
           0     1.08484
           0     1.08532
           0     1.08579
           0     1.08626
           0     1.08671
           0     1.08716
           0     1.08761
           0     1.08804
           0     1.08848
           0     1.08891
           0     1.08933
           0     1.08975
           0     1.09017
           0     1.09058
           0     1.09099
           0      1.0914
           0      1.0918
           0      1.0922
           0     1.09259
           0     1.09298
           0     1.09337
           0     1.09375
           0     1.09412
           0     1.09449
           0     1.09486
           0     1.09522
           0     1.09557
           0     1.09592
           0     1.09626
           0      1.0966
           0     1.09692
           0     1.09724
           0     1.09755
           0     1.09786
           0     1.09815
           0     1.09844
           0     1.09872
           0     1.09899
           0     1.09925
           0     1.09951
           0     1.09975
           0     1.09999
           0     1.10023
           0     1.10046
           0     1.10068
           0      1.1009
           0     1.10111
           0     1.10133
           0     1.10154
           0     1.10175
           0     1.10196
           0     1.10217
           0     1.10239
           0      1.1026
           0     1.10283
           0     1.10305
           0     1.10329
           0     1.10353
           0     1.10378
           0     1.10404
           0     1.10431
           0      1.1046
           0     1.10489
           0      1.1052
           0     1.10552
           0     1.10585
           0     1.10619
           0     1.10655
           0     1.10692
           0      1.1073
           0      1.1077
           0      1.1081
           0     1.10851
           0     1.10894
           0     1.10937
           0      1.1098
           0     1.11025
           0     1.11069
           0     1.11114
           0     1.11159
           0     1.11203
           0     1.11247
           0      1.1129
           0     1.11333
           0     1.11374
           0     1.11414
           0     1.11453
           0      1.1149
           0     1.11525
           0     1.11557
           0     1.11588
           0     1.11616
           0     1.11641
           0     1.11664
           0     1.11683
           0     1.11699
           0     1.11712
           0     1.11721
           0     1.11727
           0      1.1173
           0     1.11728
           0     1.11723
           0     1.11715
           0     1.11702
           0     1.11686
           0     1.11666
           0     1.11642
           0     1.11615
           0     1.11584
           0      1.1155
           0     1.11512
           0     1.11471
           0     1.11426
           0     1.11379
           0     1.11329
           0     1.11276
           0      1.1122
           0     1.11163
           0     1.11102
           0      1.1104
           0     1.10976
           0      1.1091
           0     1.10843
           0     1.10774
           0     1.10704
           0     1.10634
           0     1.10563
           0     1.10491
           0     1.10419
           0     1.10347
           0     1.10274
           0     1.10202
           0     1.10131
           0      1.1006
           0      1.0999
           0     1.09921
           0     1.09852
           0     1.09785
           0      1.0972
           0     1.09655
           0     1.09593
           0     1.09532
           0     1.09473
           0     1.09416
           0     1.09361
           0     1.09309
           0     1.09259
           0     1.09211
           0     1.09166
           0     1.09123
           0     1.09083
           0     1.09046
           0     1.09011
           0      1.0898
           0     1.08952
           0     1.08926
           0     1.08904
           0     1.08885
           0      1.0887
           0     1.08858
           0      1.0885
           0     1.08845
           0     1.08843
           0     1.08846
           0     1.08853
           0     1.08863
           0     1.08878
           0     1.08897
           0      1.0892
           0     1.08947
           0     1.08979
           0     1.09016
           0     1.09057
           0     1.09103
           0     1.09154
           0      1.0921
           0     1.09271
           0     1.09337
           0     1.09408
           0     1.09485
           0     1.09566
           0     1.09653
           0     1.09745
           0     1.09843
           0     1.09946
           0     1.10054
           0     1.10167
           0     1.10286
           0     1.10409
           0     1.10538
           0     1.10671
           0     1.10809
           0     1.10952
           0     1.11099
           0     1.11251
           0     1.11406
           0     1.11565
           0     1.11728
           0     1.11894
           0     1.12063
           0     1.12235
           0     1.12409
           0     1.12585
           0     1.12764
           0     1.12943
           0     1.13124
           0     1.13306
           0     1.13488
           0      1.1367
           0     1.13852
           0     1.14034
           0     1.14215
           0     1.14395
           0     1.14573
           0      1.1475
           0     1.14925
           0     1.15097
           0     1.15267
           0     1.15435
           0     1.15599
           0      1.1576
           0     1.15918
           0     1.16072
           0     1.16223
           0     1.16369
           0     1.16512
           0      1.1665
           0     1.16784
           0     1.16913
           0     1.17038
           0     1.17159
           0     1.17275
           0     1.17386
           0     1.17493
           0     1.17595
           0     1.17693
           0     1.17786
           0     1.17874
           0     1.17958
           0     1.18038
           0     1.18113
           0     1.18183
           0      1.1825
           0     1.18312
           0     1.18371
           0     1.18425
           0     1.18475
           0     1.18521
           0     1.18564
           0     1.18603
           0     1.18639
           0     1.18671
           0       1.187
           0     1.18726
           0     1.18749
           0     1.18769
           0     1.18786
           0     1.18801
           0     1.18812
           0     1.18822
           0     1.18829
           0     1.18834
           0     1.18836
           0     1.18837
           0     1.18835
           0     1.18832
           0     1.18827
           0      1.1882
           0     1.18812
           0     1.18802
           0     1.18791
           0     1.18778
           0     1.18764
           0     1.18749
           0     1.18733
           0     1.18715
           0     1.18697
           0     1.18677
           0     1.18657
           0     1.18635
           0     1.18613
           0      1.1859
           0     1.18566
           0     1.18541
           0     1.18516
           0      1.1849
           0     1.18463
           0     1.18436
           0     1.18408
           0     1.18379
           0      1.1835
           0      1.1832
           0     1.18289
           0     1.18258
           0     1.18226
           0     1.18193
           0      1.1816
           0     1.18126
           0     1.18091
           0     1.18055
           0     1.18018
           0     1.17981
           0     1.17942
           0     1.17903
           0     1.17863
           0     1.17821
           0     1.17779
           0     1.17736
           0     1.17691
           0     1.17645
           0     1.17598
           0      1.1755
           0       1.175
           0     1.17449
           0     1.17397
           0     1.17343
           0     1.17287
           0      1.1723
           0     1.17171
           0     1.17111
           0     1.17049
           0     1.16985
           0     1.16919
           0     1.16852
           0     1.16782
           0     1.16711
           0     1.16638
           0     1.16563
           0     1.16486
           0     1.16407
           0     1.16326
           0     1.16243
           0     1.16158
           0     1.16071
           0     1.15982
           0     1.15892
           0     1.15799
           0     1.15704
           0     1.15608
           0      1.1551
           0      1.1541
           0     1.15308
           0     1.15205
           0     1.15101
           0     1.14994
           0     1.14887
           0     1.14778
           0     1.14667
           0     1.14556
           0     1.14443
           0      1.1433
           0     1.14215
           0     1.14099
           0     1.13983
           0     1.13866
           0     1.13748
           0      1.1363
           0     1.13511
           0     1.13392
           0     1.13272
           0     1.13152
           0     1.13032
           0     1.12912
           0     1.12791
           0     1.12671
           0      1.1255
           0     1.12429
           0     1.12309
           0     1.12188
           0     1.12067
           0     1.11946
           0     1.11826
           0     1.11705
           0     1.11584
           0     1.11463
           0     1.11343
           0     1.11222
           0     1.11101
           0      1.1098
           0     1.10859
           0     1.10738
           0     1.10616
           0     1.10495
           0     1.10373
           0     1.10251
           0     1.10128
           0     1.10005
           0     1.09882
           0     1.09759
           0     1.09635
           0     1.09511
           0     1.09387
           0     1.09262
           0     1.09137
           0     1.09012
           0     1.08886
           0      1.0876
           0     1.08634
           0     1.08508
           0     1.08382
           0     1.08256
           0      1.0813
           0     1.08004
           0     1.07878
           0     1.07753
           0     1.07629
           0     1.07505
           0     1.07382
           0      1.0726
           0     1.07139
           0     1.07019
           0     1.06901
           0     1.06785
           0     1.06671
           0     1.06558
           0     1.06448
           0      1.0634
           0     1.06234
           0     1.06131
           0     1.06032
           0     1.05935
           0     1.05841
           0     1.05751
           0     1.05665
           0     1.05582
           0     1.05503
           0     1.05428
           0     1.05357
           0     1.05291
           0     1.05229
           0     1.05172
           0      1.0512
           0     1.05072
           0     1.05029
           0     1.04991
           0     1.04958
           0     1.04931
           0     1.04908
           0     1.04891
           0     1.04878
           0     1.04871
           0     1.04869
           0     1.04872
           0     1.04881
           0     1.04895
           0     1.04914
           0     1.04938
           0     1.04967
           0     1.05001
           0      1.0504
           0     1.05084
           0     1.05132
           0     1.05186
           0     1.05244
           0     1.05306
           0     1.05373
           0     1.05444
           0     1.05519
           0     1.05598
           0     1.05681
           0     1.05768
           0     1.05858
           0     1.05952
           0     1.06048
           0     1.06148
           0     1.06251
           0     1.06357
           0     1.06465
           0     1.06575
           0     1.06688
           0     1.06803
           0     1.06919
           0     1.07037
           0     1.07157
           0     1.07278
           0       1.074
           0     1.07523
           0     1.07647
           0     1.07772
           0     1.07897
           0     1.08023
           0     1.08148
           0     1.08274
           0     1.08399
           0     1.08525
           0      1.0865
           0     1.08774
           0     1.08898
           0     1.09021
           0     1.09143
           0     1.09264
           0     1.09384
           0     1.09502
           0      1.0962
           0     1.09736
           0      1.0985
           0     1.09963
           0     1.10074
           0     1.10184
           0     1.10291
           0     1.10397
           0     1.10501
           0     1.10603
           0     1.10702
           0       1.108
           0     1.10895
           0     1.10988
           0     1.11079
           0     1.11167
           0     1.11253
           0     1.11336
           0     1.11417
           0     1.11495
           0     1.11571
           0     1.11643
           0     1.11713
           0      1.1178
           0     1.11844
           0     1.11905
           0     1.11963
           0     1.12018
           0     1.12069
           0     1.12117
           0     1.12162
           0     1.12203
           0      1.1224
           0     1.12274
           0     1.12304
           0      1.1233
           0     1.12352
           0      1.1237
           0     1.12384
           0     1.12394
           0       1.124
           0     1.12401
           0     1.12398
           0     1.12391
           0     1.12379
           0     1.12362
           0     1.12341
           0     1.12316
           0     1.12286
           0     1.12251
           0     1.12212
           0     1.12169
           0     1.12121
           0     1.12069
           0     1.12013
           0     1.11952
           0     1.11888
           0      1.1182
           0     1.11748
           0     1.11673
           0     1.11595
           0     1.11513
           0     1.11429
           0     1.11342
           0     1.11253
           0     1.11163
           0      1.1107
           0     1.10976
           0     1.10882
           0     1.10786
           0     1.10691
           0     1.10596
           0     1.10501
           0     1.10406
           0     1.10313
           0     1.10222
           0     1.10132
           0     1.10044
           0     1.09959
           0     1.09876
           0     1.09797
           0      1.0972
           0     1.09647
           0     1.09578
           0     1.09512
           0      1.0945
           0     1.09392
           0     1.09338
           0     1.09288
           0     1.09243
           0     1.09201
           0     1.09163
           0     1.09129
           0     1.09098
           0     1.09071
           0     1.09048
           0     1.09028
           0      1.0901
           0     1.08995
           0     1.08983
           0     1.08973
           0     1.08964
           0     1.08957
           0     1.08952
           0     1.08947
           0     1.08943
           0     1.08939
           0     1.08935
           0     1.08931
           0     1.08926
           0      1.0892
           0     1.08914
           0     1.08906
           0     1.08896
           0     1.08885
           0     1.08872
           0     1.08857
           0     1.08839
           0     1.08819
           0     1.08797
           0     1.08772
           0     1.08745
           0     1.08715
           0     1.08682
           0     1.08647
           0     1.08609
           0     1.08568
           0     1.08525
           0     1.08479
           0     1.08431
           0     1.08381
           0     1.08328
           0     1.08273
           0     1.08216
           0     1.08158
           0     1.08097
           0     1.08035
           0     1.07971
           0     1.07906
           0      1.0784
           0     1.07772
           0     1.07704
           0     1.07635
           0     1.07566
           0     1.07495
           0     1.07425
           0     1.07355
           0     1.07284
           0     1.07214
           0     1.07143
           0     1.07073
           0     1.07004
           0     1.06935
           0     1.06866
           0     1.06798
           0     1.06731
           0     1.06665
           0       1.066
           0     1.06535
           0     1.06472
           0      1.0641
           0     1.06348
           0     1.06288
           0      1.0623
           0     1.06172
           0     1.06116
           0     1.06061
           0     1.06008
           0     1.05956
           0     1.05905
           0     1.05857
           0     1.05809
           0     1.05764
           0      1.0572
           0     1.05678
           0     1.05637
           0     1.05599
           0     1.05562
           0     1.05528
           0     1.05496
           0     1.05466
           0     1.05438
           0     1.05413
           0      1.0539
           0      1.0537
           0     1.05352
           0     1.05337
           0     1.05325
           0     1.05316
           0      1.0531
           0     1.05306
           0     1.05306
           0     1.05309
           0     1.05314
           0     1.05323
           0     1.05335
           0     1.05349
           0     1.05367
           0     1.05387
           0      1.0541
           0     1.05435
           0     1.05464
           0     1.05494
           0     1.05527
           0     1.05562
           0     1.05599
           0     1.05638
           0     1.05678
           0     1.05719
           0     1.05762
           0     1.05805
           0     1.05849
           0     1.05894
           0     1.05938
           0     1.05983
           0     1.06027
           0      1.0607
           0     1.06113
           0     1.06154
           0     1.06195
           0     1.06233
           0      1.0627
           0     1.06304
           0     1.06337
           0     1.06367
           0     1.06394
           0     1.06419
           0      1.0644
           0     1.06459
           0     1.06474
           0     1.06485
           0     1.06494
           0     1.06498
           0     1.06498
           0     1.06495
           0     1.06487
           0     1.06476
           0      1.0646
           0      1.0644
           0     1.06416
           0     1.06388
           0     1.06355
           0     1.06318
           0     1.06277
           0     1.06231
           0     1.06181
           0     1.06126
           0     1.06067
           0     1.06003
           0     1.05936
           0     1.05864
           0     1.05788
           0     1.05708
           0     1.05623
           0     1.05535
           0     1.05443
           0     1.05347
           0     1.05247
           0     1.05144
           0     1.05037
           0     1.04927
           0     1.04814
           0     1.04698
           0     1.04579
           0     1.04458
           0     1.04334
           0     1.04208
           0      1.0408
           0      1.0395
           0     1.03819
           0     1.03686
           0     1.03551
           0     1.03416
           0      1.0328
           0     1.03144
           0     1.03008
           0     1.02871
           0     1.02734
           0     1.02598
           0     1.02462
           0     1.02327
           0     1.02193
           0      1.0206
           0     1.01928
           0     1.01797
           0     1.01668
           0      1.0154
           0     1.01414
           0      1.0129
           0     1.01167
           0     1.01046
           0     1.00928
           0     1.00811
           0     1.00696
           0     1.00583
           0     1.00472
           0     1.00363
           0     1.00256
           0     1.00151
           0     1.00047
           0    0.999458
           0     0.99846
           0     0.99748
           0    0.996517
           0    0.995571
           0    0.994641
           0    0.993727
           0     0.99283
           0    0.991948
           0    0.991084
           0    0.990235
           0    0.989403
           0    0.988587
           0    0.987788
           0    0.987007
           0    0.986243
           0    0.985498
           0    0.984772
           0    0.984067
           0    0.983382
           0    0.982719
           0    0.982079
           0    0.981464
           0    0.980876
           0    0.980314
           0    0.979782
           0    0.979279
           0    0.978807
           0    0.978368
           0    0.977963
           0    0.977593
           0     0.97726
           0    0.976966
           0    0.976711
           0    0.976499
           0    0.976329
           0    0.976203
           0    0.976122
           0    0.976087
           0    0.976099
           0    0.976158
           0    0.976266
           0    0.976423
           0    0.976629
           0    0.976885
           0    0.977191
           0    0.977548
           0    0.977956
           0    0.978414
           0    0.978923
           0    0.979482
           0    0.980092
           0    0.980753
           0    0.981462
           0     0.98222
           0    0.983026
           0     0.98388
           0     0.98478
           0    0.985727
           0    0.986718
           0    0.987753
           0    0.988832
           0    0.989952
           0    0.991114
           0    0.992314
           0    0.993553
           0    0.994829
           0    0.996141
           0    0.997488
           0    0.998868
           0     1.00028
           0     1.00172
           0     1.00319
           0     1.00469
           0     1.00621
           0     1.00776
           0     1.00934
           0     1.01093
           0     1.01255
           0     1.01418
           0     1.01584
           0     1.01751
           0      1.0192
           0      1.0209
           0     1.02261
           0     1.02434
           0     1.02608
           0     1.02783
           0     1.02959
           0     1.03136
           0     1.03313
           0     1.03492
           0      1.0367
           0      1.0385
           0     1.04029
           0      1.0421
           0      1.0439
           0     1.04571
           0     1.04752
           0     1.04934
           0     1.05116
           0     1.05298
           0      1.0548
           0     1.05663
           0     1.05845
           0     1.06028
           0     1.06212
           0     1.06395
           0     1.06579
           0     1.06763
           0     1.06947
           0     1.07132
           0     1.07316
           0     1.07502
           0     1.07687
           0     1.07873
           0      1.0806
           0     1.08246
           0     1.08434
           0     1.08621
           0     1.08809
           0     1.08997
           0     1.09186
           0     1.09375
           0     1.09564
           0     1.09753
           0     1.09943
           0     1.10132
           0     1.10322
           0     1.10511
           0       1.107
           0     1.10889
           0     1.11078
           0     1.11266
           0     1.11453
           0     1.11639
           0     1.11825
           0     1.12009
           0     1.12192
           0     1.12373
           0     1.12553
           0      1.1273
           0     1.12906
           0     1.13079
           0      1.1325
           0     1.13419
           0     1.13584
           0     1.13747
           0     1.13907
           0     1.14063
           0     1.14216
           0     1.14366
           0     1.14512
           0     1.14654
           0     1.14792
           0     1.14927
           0     1.15057
           0     1.15182
           0     1.15304
           0     1.15421
           0     1.15534
           0     1.15642
           0     1.15745
           0     1.15844
           0     1.15939
           0     1.16028
           0     1.16114
           0     1.16194
           0      1.1627
           0     1.16342
           0      1.1641
           0     1.16473
           0     1.16531
           0     1.16586
           0     1.16636
           0     1.16683
           0     1.16726
           0     1.16765
           0       1.168
           0     1.16832
           0     1.16861
           0     1.16887
           0     1.16909
           0     1.16929
           0     1.16946
           0     1.16961
           0     1.16973
           0     1.16982
           0      1.1699
           0     1.16996
           0        1.17
           0     1.17002
           0     1.17003
           0     1.17003
           0     1.17001
           0     1.16998
           0     1.16995
           0      1.1699
           0     1.16984
           0     1.16978
           0     1.16972
           0     1.16964
           0     1.16957
           0     1.16949
           0     1.16941
           0     1.16932
           0     1.16924
           0     1.16915
           0     1.16906
           0     1.16896
           0     1.16887
           0     1.16877
           0     1.16868
           0     1.16858
           0     1.16847
           0     1.16837
           0     1.16826
           0     1.16815
           0     1.16804
           0     1.16793
           0     1.16781
           0     1.16769
           0     1.16756
           0     1.16743
           0      1.1673
           0     1.16716
           0     1.16701
           0     1.16686
           0     1.16671
           0     1.16655
           0     1.16639
           0     1.16622
           0     1.16605
           0     1.16587
           0     1.16569
           0     1.16551
           0     1.16532
           0     1.16513
           0     1.16494
           0     1.16475
           0     1.16456
           0     1.16437
           0     1.16417
           0     1.16398
           0      1.1638
           0     1.16361
           0     1.16343
           0     1.16326
           0     1.16309
           0     1.16293
           0     1.16277
           0     1.16263
           0     1.16249
           0     1.16236
           0     1.16224
           0     1.16213
           0     1.16204
           0     1.16195
           0     1.16188
           0     1.16182
           0     1.16177
           0     1.16173
           0      1.1617
           0     1.16168
           0     1.16167
           0     1.16168
           0     1.16169
           0     1.16171
           0     1.16174
           0     1.16178
           0     1.16183
           0     1.16188
           0     1.16193
           0     1.16199
           0     1.16205
           0     1.16211
           0     1.16217
           0     1.16223
           0     1.16229
           0     1.16235
           0      1.1624
           0     1.16245
           0     1.16249
           0     1.16252
           0     1.16254
           0     1.16256
           0     1.16256
           0     1.16256
           0     1.16255
           0     1.16252
           0     1.16248
           0     1.16243
           0     1.16237
           0      1.1623
           0     1.16222
           0     1.16212
           0     1.16201
           0     1.16189
           0     1.16176
           0     1.16162
           0     1.16147
           0      1.1613
           0     1.16113
           0     1.16095
           0     1.16076
           0     1.16057
           0     1.16037
           0     1.16016
           0     1.15995
           0     1.15974
           0     1.15952
           0     1.15931
           0     1.15909
           0     1.15888
           0     1.15867
           0     1.15846
           0     1.15826
           0     1.15806
           0     1.15787
           0     1.15769
           0     1.15753
           0     1.15737
           0     1.15723
           0     1.15709
           0     1.15698
           0     1.15688
           0     1.15679
           0     1.15673
           0     1.15668
           0     1.15665
           0     1.15665
           0     1.15666
           0      1.1567
           0     1.15675
           0     1.15683
           0     1.15693
           0     1.15706
           0     1.15721
           0     1.15738
           0     1.15758
           0     1.15781
           0     1.15806
           0     1.15833
           0     1.15862
           0     1.15894
           0     1.15928
           0     1.15965
           0     1.16004
           0     1.16044
           0     1.16087
           0     1.16132
           0     1.16179
           0     1.16227
           0     1.16277
           0     1.16328
           0     1.16381
           0     1.16436
           0     1.16491
           0     1.16547
           0     1.16604
           0     1.16662
           0      1.1672
           0     1.16779
           0     1.16837
           0     1.16896
           0     1.16954
           0     1.17012
           0     1.17069
           0     1.17126
           0     1.17182
           0     1.17236
           0     1.17289
           0     1.17341
           0     1.17391
           0      1.1744
           0     1.17486
           0      1.1753
           0     1.17572
           0     1.17611
           0     1.17648
           0     1.17682
           0     1.17713
           0     1.17741
           0     1.17766
           0     1.17788
           0     1.17806
           0     1.17821
           0     1.17833
           0     1.17841
           0     1.17845
           0     1.17846
           0     1.17843
           0     1.17836
           0     1.17826
           0     1.17811
           0     1.17793
           0     1.17772
           0     1.17746
           0     1.17717
           0     1.17685
           0     1.17648
           0     1.17609
           0     1.17565
           0     1.17519
           0     1.17469
           0     1.17415
           0     1.17359
           0     1.17299
           0     1.17237
           0     1.17172
           0     1.17104
           0     1.17034
           0     1.16961
           0     1.16886
           0     1.16809
           0      1.1673
           0     1.16649
           0     1.16567
           0     1.16483
           0     1.16398
           0     1.16312
           0     1.16225
           0     1.16138
           0      1.1605
           0     1.15961
           0     1.15873
           0     1.15784
           0     1.15696
           0     1.15609
           0     1.15522
           0     1.15436
           0     1.15351
           0     1.15268
           0     1.15186
           0     1.15105
           0     1.15027
           0     1.14951
           0     1.14876
           0     1.14805
           0     1.14736
           0      1.1467
           0     1.14607
           0     1.14547
           0      1.1449
           0     1.14436
           0     1.14387
           0      1.1434
           0     1.14298
           0      1.1426
           0     1.14225
           0     1.14194
           0     1.14168
           0     1.14145
           0     1.14127
           0     1.14113
           0     1.14102
           0     1.14096
           0     1.14094
           0     1.14096
           0     1.14102
           0     1.14111
           0     1.14124
           0      1.1414
           0      1.1416
           0     1.14183
           0      1.1421
           0     1.14239
           0      1.1427
           0     1.14304
           0     1.14341
           0     1.14379
           0      1.1442
           0     1.14462
           0     1.14505
           0      1.1455
           0     1.14596
           0     1.14642
           0     1.14689
           0     1.14737
           0     1.14784
           0     1.14831
           0     1.14878
           0     1.14924
           0      1.1497
           0     1.15014
           0     1.15058
           0     1.15101
           0     1.15142
           0     1.15181
           0     1.15219
           0     1.15256
           0      1.1529
           0     1.15323
           0     1.15353
           0     1.15382
           0     1.15408
           0     1.15433
           0     1.15455
           0     1.15475
           0     1.15493
           0     1.15509
           0     1.15523
           0     1.15534
           0     1.15544
           0     1.15551
           0     1.15556
           0     1.15559
           0     1.15561
           0      1.1556
           0     1.15558
           0     1.15554
           0     1.15548
           0      1.1554
           0     1.15531
           0     1.15521
           0     1.15509
           0     1.15496
           0     1.15482
           0     1.15466
           0      1.1545
           0     1.15433
           0     1.15415
           0     1.15396
           0     1.15377
           0     1.15357
           0     1.15337
           0     1.15317
           0     1.15296
           0     1.15275
           0     1.15255
           0     1.15234
           0     1.15214
           0     1.15195
           0     1.15176
           0     1.15157
           0      1.1514
           0     1.15123
           0     1.15107
           0     1.15093
           0     1.15079
           0     1.15067
           0     1.15056
           0     1.15046
           0     1.15038
           0     1.15032
           0     1.15028
           0     1.15025
           0     1.15024
           0     1.15025
           0     1.15028
           0     1.15033
           0      1.1504
           0     1.15049
           0     1.15061
           0     1.15074
           0      1.1509
           0     1.15108
           0     1.15128
           0      1.1515
           0     1.15175
           0     1.15201
           0     1.15229
           0      1.1526
           0     1.15292
           0     1.15326
           0     1.15362
           0       1.154
           0      1.1544
           0     1.15481
           0     1.15523
           0     1.15567
           0     1.15612
           0     1.15658
           0     1.15705
           0     1.15753
           0     1.15802
           0     1.15852
           0     1.15902
           0     1.15952
           0     1.16003
           0     1.16055
           0     1.16106
           0     1.16158
           0     1.16209
           0      1.1626
           0     1.16311
           0     1.16362
           0     1.16413
           0     1.16462
           0     1.16512
           0      1.1656
           0     1.16608
           0     1.16656
           0     1.16703
           0     1.16748
           0     1.16793
           0     1.16838
           0     1.16881
           0     1.16924
           0     1.16965
           0     1.17006
           0     1.17046
           0     1.17085
           0     1.17123
           0     1.17161
           0     1.17198
           0     1.17234
           0     1.17269
           0     1.17304
           0     1.17338
           0     1.17372
           0     1.17405
           0     1.17438
           0      1.1747
           0     1.17502
           0     1.17534
           0     1.17565
           0     1.17597
           0     1.17628
           0      1.1766
           0     1.17691
           0     1.17722
           0     1.17754
           0     1.17785
           0     1.17817
           0     1.17849
           0     1.17882
           0     1.17914
           0     1.17947
           0      1.1798
           0     1.18014
           0     1.18048
           0     1.18083
           0     1.18118
           0     1.18153
           0     1.18189
           0     1.18226
           0     1.18263
           0     1.18301
           0     1.18339
           0     1.18378
           0     1.18417
           0     1.18457
           0     1.18497
           0     1.18538
           0      1.1858
           0     1.18622
           0     1.18664
           0     1.18707
           0      1.1875
           0     1.18794
           0     1.18839
           0     1.18884
           0     1.18929
           0     1.18974
           0      1.1902
           0     1.19067
           0     1.19113
           0      1.1916
           0     1.19207
           0     1.19254
           0     1.19301
           0     1.19348
           0     1.19396
           0     1.19443
           0      1.1949
           0     1.19537
           0     1.19584
           0     1.19631
           0     1.19677
           0     1.19723
           0     1.19769
           0     1.19814
           0     1.19858
           0     1.19902
           0     1.19946
           0     1.19988
           0      1.2003
           0      1.2007
           0      1.2011
           0     1.20148
           0     1.20186
           0     1.20222
           0     1.20257
           0      1.2029
           0     1.20322
           0     1.20353
           0     1.20382
           0     1.20409
           0     1.20434
           0     1.20457
           0     1.20478
           0     1.20497
           0     1.20514
           0     1.20529
           0     1.20541
           0     1.20551
           0     1.20558
           0     1.20563
           0     1.20565
           0     1.20565
           0     1.20562
           0     1.20556
           0     1.20547
           0     1.20535
           0     1.20521
           0     1.20503
           0     1.20482
           0     1.20458
           0     1.20431
           0     1.20401
           0     1.20367
           0     1.20331
           0     1.20291
           0     1.20248
           0     1.20202
           0     1.20152
           0     1.20099
           0     1.20043
           0     1.19983
           0      1.1992
           0     1.19854
           0     1.19785
           0     1.19712
           0     1.19636
           0     1.19557
           0     1.19475
           0     1.19389
           0     1.19301
           0     1.19209
           0     1.19114
           0     1.19015
           0     1.18914
           0     1.18809
           0     1.18702
           0     1.18591
           0     1.18477
           0      1.1836
           0      1.1824
           0     1.18117
           0     1.17991
           0     1.17862
           0     1.17729
           0     1.17594
           0     1.17455
           0     1.17313
           0     1.17168
           0      1.1702
           0     1.16868
           0     1.16714
           0     1.16556
           0     1.16395
           0      1.1623
           0     1.16062
           0     1.15891
           0     1.15716
           0     1.15537
           0     1.15355
           0     1.15169
           0     1.14979
           0     1.14786
           0     1.14589
           0     1.14388
           0     1.14182
           0     1.13973
           0      1.1376
           0     1.13542
           0      1.1332
           0     1.13093
           0     1.12862
           0     1.12627
           0     1.12387
           0     1.12142
           0     1.11892
           0     1.11638
           0     1.11379
           0     1.11114
           0     1.10845
           0     1.10571
           0     1.10292
           0     1.10008
           0     1.09719
           0     1.09424
           0     1.09125
           0     1.08821
           0     1.08512
           0     1.08198
           0     1.07879
           0     1.07555
           0     1.07227
           0     1.06895
           0     1.06558
           0     1.06217
           0     1.05873
           0     1.05524
           0     1.05172
           0     1.04817
           0     1.04459
           0     1.04099
           0     1.03736
           0     1.03372
           0     1.03006
           0      1.0264
           0     1.02272
           0     1.01905
           0     1.01538
           0     1.01172
           0     1.00808
           0     1.00446
           0     1.00087
           0    0.997304
           0    0.993782
           0    0.990304
           0    0.986878
           0     0.98351
           0    0.980206
           0    0.976972
           0    0.973814
           0    0.970739
           0    0.967752
           0    0.964859
           0    0.962066
           0    0.959377
           0    0.956798
           0    0.954333
           0    0.951987
           0    0.949763
           0    0.947664
           0    0.945693
           0    0.943854
           0    0.942149
           0    0.940579
           0    0.939146
           0     0.93785
           0    0.936693
           0    0.935674
           0    0.934795
           0    0.934054
           0    0.933451
           0    0.932984
           0    0.932652
           0    0.932454
           0    0.932389
           0    0.932454
           0    0.932648
           0    0.932969
           0    0.933413
           0     0.93398
           0    0.934666
           0    0.935469
           0    0.936386
           0    0.937415
           0    0.938554
           0      0.9398
           0    0.941151
           0    0.942602
           0    0.944152
           0    0.945797
           0    0.947534
           0    0.949362
           0    0.951276
           0    0.953274
           0    0.955352
           0    0.957508
           0    0.959738
           0    0.962038
           0    0.964407
           0    0.966839
           0    0.969333
           0    0.971883
           0    0.974488
           0    0.977144
           0    0.979847
           0    0.982594
           0    0.985382
           0    0.988208
           0     0.99107
           0    0.993963
           0    0.996886
           0    0.999835
           0     1.00281
           0      1.0058
           0     1.00881
           0     1.01184
           0     1.01489
           0     1.01794
           0     1.02101
           0     1.02408
           0     1.02716
           0     1.03025
           0     1.03333
           0     1.03642
           0     1.03951
           0      1.0426
           0     1.04569
           0     1.04877
           0     1.05184
           0     1.05491
           0     1.05797
           0     1.06102
           0     1.06406
           0     1.06709
           0      1.0701
           0     1.07309
           0     1.07607
           0     1.07902
           0     1.08195
           0     1.08486
           0     1.08775
           0      1.0906
           0     1.09343
           0     1.09622
           0     1.09898
           0     1.10171
           0     1.10439
           0     1.10704
           0     1.10964
           0      1.1122
           0      1.1147
           0     1.11716
           0     1.11957
           0     1.12192
           0     1.12422
           0     1.12646
           0     1.12864
           0     1.13076
           0     1.13282
           0     1.13481
           0     1.13674
           0      1.1386
           0     1.14039
           0     1.14211
           0     1.14375
           0     1.14533
           0     1.14683
           0     1.14826
           0     1.14961
           0     1.15089
           0     1.15209
           0     1.15321
           0     1.15427
           0     1.15524
           0     1.15614
           0     1.15697
           0     1.15772
           0      1.1584
           0       1.159
           0     1.15954
           0        1.16
           0     1.16039
           0     1.16071
           0     1.16097
           0     1.16115
           0     1.16128
           0     1.16134
           0     1.16133
           0     1.16127
           0     1.16114
           0     1.16096
           0     1.16072
           0     1.16043
           0     1.16008
           0     1.15968
           0     1.15922
           0     1.15872
           0     1.15817
           0     1.15757
           0     1.15692
           0     1.15622
           0     1.15548
           0      1.1547
           0     1.15387
           0       1.153
           0     1.15209
           0     1.15114
           0     1.15015
           0     1.14912
           0     1.14804
           0     1.14693
           0     1.14578
           0     1.14459
           0     1.14337
           0      1.1421
           0      1.1408
           0     1.13946
           0     1.13808
           0     1.13666
           0     1.13521
           0     1.13372
           0     1.13219
           0     1.13063
           0     1.12904
           0     1.12741
           0     1.12574
           0     1.12404
           0     1.12231
           0     1.12055
           0     1.11876
           0     1.11695
           0      1.1151
           0     1.11323
           0     1.11133
           0     1.10942
           0     1.10748
           0     1.10553
           0     1.10356
           0     1.10157
           0     1.09958
           0     1.09758
           0     1.09557
           0     1.09356
           0     1.09155
           0     1.08954
           0     1.08755
           0     1.08556
           0     1.08358
           0     1.08162
           0     1.07968
           0     1.07776
           0     1.07587
           0     1.07402
           0     1.07219
           0     1.07041
           0     1.06866
           0     1.06696
           0     1.06531
           0     1.06372
           0     1.06217
           0     1.06069
           0     1.05926
           0      1.0579
           0     1.05661
           0     1.05539
           0     1.05424
           0     1.05317
           0     1.05218
           0     1.05126
           0     1.05043
           0     1.04968
           0     1.04902
           0     1.04845
           0     1.04796
           0     1.04756
           0     1.04725
           0     1.04703
           0      1.0469
           0     1.04687
           0     1.04692
           0     1.04707
           0      1.0473
           0     1.04762
           0     1.04803
           0     1.04853
           0     1.04911
           0     1.04978
           0     1.05052
           0     1.05135
           0     1.05225
           0     1.05323
           0     1.05428
           0      1.0554
           0     1.05659
           0     1.05784
           0     1.05915
           0     1.06052
           0     1.06195
           0     1.06343
           0     1.06496
           0     1.06653
           0     1.06815
           0      1.0698
           0      1.0715
           0     1.07322
           0     1.07498
           0     1.07676
           0     1.07857
           0     1.08039
           0     1.08224
           0      1.0841
           0     1.08597
           0     1.08784
           0     1.08973
           0     1.09162
           0     1.09351
           0      1.0954
           0     1.09728
           0     1.09916
           0     1.10103
           0      1.1029
           0     1.10475
           0     1.10658
           0     1.10841
           0     1.11021
           0       1.112
           0     1.11377
           0     1.11551
           0     1.11724
           0     1.11895
           0     1.12063
           0     1.12228
           0     1.12392
           0     1.12552
           0     1.12711
           0     1.12866
           0     1.13019
           0     1.13169
           0     1.13316
           0     1.13461
           0     1.13603
           0     1.13742
           0     1.13878
           0     1.14012
           0     1.14143
           0     1.14271
           0     1.14396
           0     1.14519
           0     1.14639
           0     1.14756
           0      1.1487
           0     1.14982
           0     1.15091
           0     1.15198
           0     1.15302
           0     1.15404
           0     1.15503
           0       1.156
           0     1.15694
           0     1.15785
           0     1.15875
           0     1.15961
           0     1.16046
           0     1.16128
           0     1.16207
           0     1.16285
           0      1.1636
           0     1.16432
           0     1.16502
           0      1.1657
           0     1.16636
           0     1.16699
           0      1.1676
           0     1.16819
           0     1.16875
           0     1.16928
           0      1.1698
           0     1.17028
           0     1.17075
           0     1.17118
           0      1.1716
           0     1.17198
           0     1.17234
           0     1.17267
           0     1.17298
           0     1.17325
           0      1.1735
           0     1.17372
           0     1.17391
           0     1.17407
           0      1.1742
           0      1.1743
           0     1.17437
           0      1.1744
           0     1.17441
           0     1.17437
           0      1.1743
           0      1.1742
           0     1.17406
           0     1.17389
           0     1.17368
           0     1.17343
           0     1.17314
           0     1.17282
           0     1.17246
           0     1.17206
           0     1.17161
           0     1.17113
           0     1.17061
           0     1.17005
           0     1.16945
           0     1.16881
           0     1.16813
           0     1.16741
           0     1.16664
           0     1.16584
           0       1.165
           0     1.16412
           0      1.1632
           0     1.16224
           0     1.16124
           0     1.16021
           0     1.15914
           0     1.15804
           0      1.1569
           0     1.15573
           0     1.15452
           0     1.15329
           0     1.15203
           0     1.15074
           0     1.14942
           0     1.14807
           0      1.1467
           0     1.14531
           0      1.1439
           0     1.14246
           0     1.14101
           0     1.13954
           0     1.13806
           0     1.13656
           0     1.13505
           0     1.13353
           0       1.132
           0     1.13046
           0     1.12892
           0     1.12737
           0     1.12582
           0     1.12426
           0     1.12271
           0     1.12115
           0      1.1196
           0     1.11804
           0      1.1165
           0     1.11495
           0     1.11341
           0     1.11188
           0     1.11035
           0     1.10883
           0     1.10731
           0     1.10581
           0     1.10431
           0     1.10282
           0     1.10134
           0     1.09987
           0     1.09841
           0     1.09697
           0     1.09553
           0     1.09411
           0     1.09269
           0     1.09129
           0     1.08991
           0     1.08853
           0     1.08717
           0     1.08583
           0      1.0845
           0     1.08318
           0     1.08188
           0     1.08059
           0     1.07932
           0     1.07807
           0     1.07684
           0     1.07562
           0     1.07443
           0     1.07325
           0      1.0721
           0     1.07097
           0     1.06987
           0     1.06879
           0     1.06773
           0     1.06671
           0     1.06571
           0     1.06474
           0      1.0638
           0     1.06289
           0     1.06202
           0     1.06118
           0     1.06038
           0     1.05962
           0     1.05889
           0      1.0582
           0     1.05756
           0     1.05695
           0      1.0564
           0     1.05588
           0     1.05541
           0     1.05499
           0     1.05462
           0     1.05429
           0     1.05401
           0     1.05379
           0     1.05361
           0     1.05348
           0     1.05341
           0     1.05338
           0     1.05341
           0     1.05349
           0     1.05362
           0      1.0538
           0     1.05403
           0     1.05431
           0     1.05464
           0     1.05502
           0     1.05545
           0     1.05592
           0     1.05643
           0     1.05699
           0     1.05759
           0     1.05822
           0      1.0589
           0      1.0596
           0     1.06034
           0     1.06111
           0      1.0619
           0     1.06272
           0     1.06356
           0     1.06442
           0     1.06529
           0     1.06617
           0     1.06707
           0     1.06797
           0     1.06887
           0     1.06977
           0     1.07067
           0     1.07157
           0     1.07245
           0     1.07333
           0     1.07419
           0     1.07503
           0     1.07586
           0     1.07666
           0     1.07745
           0     1.07821
           0     1.07894
           0     1.07965
           0     1.08033
           0     1.08099
           0     1.08161
           0     1.08221
           0     1.08277
           0     1.08331
           0     1.08382
           0      1.0843
           0     1.08475
           0     1.08517
           0     1.08557
           0     1.08594
           0     1.08628
           0      1.0866
           0      1.0869
           0     1.08718
           0     1.08745
           0     1.08769
           0     1.08792
           0     1.08813
           0     1.08834
           0     1.08853
           0     1.08872
           0     1.08889
           0     1.08907
           0     1.08924
           0      1.0894
           0     1.08957
           0     1.08974
           0     1.08991
           0     1.09009
           0     1.09027
           0     1.09045
           0     1.09065
           0     1.09085
           0     1.09106
           0     1.09128
           0     1.09151
           0     1.09175
           0       1.092
           0     1.09227
           0     1.09254
           0     1.09283
           0     1.09313
           0     1.09344
           0     1.09376
           0     1.09409
           0     1.09444
           0     1.09479
           0     1.09515
           0     1.09553
           0     1.09591
           0      1.0963
           0      1.0967
           0      1.0971
           0     1.09751
           0     1.09793
           0     1.09836
           0     1.09879
           0     1.09922
           0     1.09965
           0     1.10009
           0     1.10053
           0     1.10097
           0     1.10141
           0     1.10185
           0     1.10229
           0     1.10273
           0     1.10317
           0     1.10361
           0     1.10404
           0     1.10447
           0      1.1049
           0     1.10532
           0     1.10574
           0     1.10615
           0     1.10656
           0     1.10697
           0     1.10737
           0     1.10776
           0     1.10815
           0     1.10854
           0     1.10892
           0      1.1093
           0     1.10967
           0     1.11003
           0     1.11039
           0     1.11075
           0     1.11111
           0     1.11146
           0      1.1118
           0     1.11215
           0     1.11249
           0     1.11283
           0     1.11316
           0      1.1135
           0     1.11383
           0     1.11416
           0     1.11449
           0     1.11482
           0     1.11514
           0     1.11547
           0      1.1158
           0     1.11612
           0     1.11644
           0     1.11677
           0     1.11709
           0     1.11741
           0     1.11773
           0     1.11805
           0     1.11837
           0     1.11869
           0     1.11901
           0     1.11933
           0     1.11964
           0     1.11995
           0     1.12026
           0     1.12057
           0     1.12087
           0     1.12117
