#     BLOCK:  ACTUAL_PE:     PE_AVE:      ERROR:
           1    -5.43891    -5.43891           0
           2    -5.44588     -5.4424  0.00246288
           3    -5.41859    -5.43446  0.00668433
           4    -5.51334    -5.45418   0.0177976
           5    -5.43832    -5.45101    0.014518
           6    -5.47441    -5.45491   0.0126115
           7    -5.46511    -5.45637   0.0108937
           8    -5.47228    -5.45836  0.00971199
           9    -5.47188    -5.45986  0.00874833
          10    -5.45987    -5.45986   0.0078735
          11    -5.45174    -5.45912  0.00719225
          12    -5.46517    -5.45963  0.00661053
          13    -5.44323    -5.45836   0.0062211
          14    -5.42686    -5.45611  0.00617029
          15     -5.4601    -5.45638  0.00576466
          16     -5.4399    -5.45535  0.00549556
          17    -5.45757    -5.45548  0.00517384
          18    -5.46789    -5.45617  0.00493213
          19    -5.44539     -5.4556  0.00470504
          20    -5.43739    -5.45469  0.00455702
          21    -5.42051    -5.45306  0.00462166
          22    -5.43864    -5.45241  0.00445784
          23    -5.44035    -5.45188  0.00429472
          24    -5.44835    -5.45174  0.00411831
          25    -5.42521    -5.45068  0.00408796
          26    -5.42366    -5.44964  0.00406061
          27    -5.45874    -5.44997  0.00392418
          28     -5.4324    -5.44935  0.00383389
          29    -5.42009    -5.44834  0.00383208
          30    -5.45791    -5.44866  0.00371761
          31    -5.40218    -5.44716  0.00388822
          32    -5.45512    -5.44741  0.00377467
          33     -5.4634    -5.44789  0.00369125
          34    -5.39887    -5.44645  0.00385398
          35     -5.4136    -5.44551  0.00385644
          36     -5.4608    -5.44594  0.00377261
          37    -5.44435    -5.44589   0.0036709
          38    -5.46548    -5.44641  0.00361029
          39    -5.39868    -5.44518  0.00371934
          40    -5.43611    -5.44496  0.00363327
          41    -5.42806    -5.44455  0.00356795
          42    -5.45357    -5.44476  0.00348947
          43    -5.43506    -5.44453   0.0034156
          44    -5.52069    -5.44627    0.003751
          45    -5.44354    -5.44621  0.00366813
          46    -5.42762     -5.4458  0.00361057
          47    -5.46159    -5.44614  0.00354935
          48    -5.42321    -5.44566   0.0035074
          49    -5.40675    -5.44487  0.00352455
          50    -5.42978    -5.44456  0.00346694
          51    -5.44827    -5.44464  0.00339972
          52    -5.38146    -5.44342  0.00354478
          53    -5.42096      -5.443  0.00350314
          54    -5.40515     -5.4423  0.00350767
          55    -5.43812    -5.44222  0.00344471
          56    -5.47587    -5.44282  0.00343522
          57    -5.41789    -5.44238  0.00340268
          58    -5.47152    -5.44289  0.00338088
          59    -5.44472    -5.44292  0.00332372
          60    -5.42893    -5.44269   0.0032765
          61    -5.43366    -5.44254  0.00322612
          62    -5.39593    -5.44179   0.0032605
          63    -5.36182    -5.44052  0.00344694
          64    -5.45614    -5.44076  0.00340172
          65    -5.43259    -5.44063  0.00335171
          66    -5.46375    -5.44098  0.00331917
          67    -5.45262    -5.44116  0.00327416
          68    -5.48972    -5.44187  0.00330297
          69    -5.44306    -5.44189  0.00325515
          70    -5.47659    -5.44239  0.00324618
          71    -5.46552    -5.44271  0.00321677
          72    -5.42561    -5.44247  0.00318085
          73     -5.4912    -5.44314  0.00320654
          74     -5.4225    -5.44286  0.00317532
          75    -5.43763    -5.44279  0.00313375
          76    -5.42062     -5.4425  0.00310606
          77    -5.47185    -5.44288  0.00308902
          78    -5.45845    -5.44308  0.00305587
          79     -5.4548    -5.44323  0.00302078
          80    -5.48537    -5.44376  0.00302861
          81    -5.45496     -5.4439  0.00299438
          82    -5.44464     -5.4439  0.00295788
          83    -5.43085    -5.44375  0.00292642
          84    -5.46496      -5.444  0.00290246
          85    -5.44371      -5.444  0.00286832
          86    -5.43523    -5.44389  0.00283678
          87    -5.46106    -5.44409  0.00281103
          88    -5.39753    -5.44356  0.00282845
          89    -5.47038    -5.44386  0.00281268
          90    -5.45876    -5.44403  0.00278629
          91    -5.46276    -5.44423  0.00276326
          92    -5.48046    -5.44463  0.00276113
          93    -5.49134    -5.44513  0.00277676
          94    -5.48413    -5.44555  0.00277804
          95     -5.4877    -5.44599  0.00278401
          96    -5.44604    -5.44599  0.00275501
          97    -5.38909     -5.4454  0.00278836
          98    -5.45527     -5.4455  0.00276172
          99    -5.39811    -5.44503    0.002775
         100    -5.51065    -5.44568  0.00282379
         101    -5.53064    -5.44652  0.00291843
         102    -5.40921    -5.44616  0.00291266
         103      -5.443    -5.44613  0.00288454
         104    -5.45393     -5.4462  0.00285778
         105    -5.42515      -5.446  0.00283759
         106     -5.3743    -5.44532  0.00289031
         107    -5.41447    -5.44504  0.00287765
         108    -5.48076    -5.44537  0.00286996
         109    -5.49495    -5.44582  0.00287945
         110    -5.44697    -5.44583  0.00285329
         111    -5.44751    -5.44585  0.00282763
         112    -5.41433    -5.44557  0.00281635
         113    -5.43192    -5.44545  0.00279401
         114    -5.50096    -5.44593  0.00281162
         115    -5.47137    -5.44615  0.00279585
         116    -5.47581    -5.44641  0.00278341
         117    -5.45375    -5.44647  0.00276033
         118    -5.41145    -5.44617  0.00275285
         119    -5.45746    -5.44627  0.00273135
         120    -5.42439    -5.44609  0.00271467
         121    -5.45405    -5.44615  0.00269303
         122    -5.43562    -5.44607  0.00267234
         123    -5.45242    -5.44612  0.00265111
         124    -5.48587    -5.44644  0.00264905
         125    -5.43079    -5.44631  0.00263081
         126    -5.45524    -5.44638  0.00261088
         127    -5.47889    -5.44664  0.00260284
         128    -5.42442    -5.44647  0.00258829
         129    -5.44899    -5.44649   0.0025683
         130    -5.46374    -5.44662  0.00255197
         131    -5.49166    -5.44696  0.00255555
         132    -5.44125    -5.44692  0.00253655
         133    -5.41684    -5.44669  0.00252754
         134    -5.42239    -5.44651  0.00251518
         135    -5.48079    -5.44677  0.00250933
         136    -5.43961    -5.44671  0.00249143
         137    -5.48817    -5.44702  0.00249155
         138    -5.44031    -5.44697  0.00247397
         139    -5.48434    -5.44724  0.00247074
         140    -5.44154     -5.4472  0.00245343
         141    -5.46934    -5.44735  0.00244105
         142    -5.49881    -5.44772   0.0024506
         143    -5.46379    -5.44783  0.00243605
         144    -5.47866    -5.44804  0.00242852
         145    -5.47315    -5.44822  0.00241794
         146    -5.43594    -5.44813  0.00240284
         147    -5.41165    -5.44788  0.00239927
         148    -5.41088    -5.44763  0.00239605
         149    -5.47027    -5.44778  0.00238478
         150    -5.45159    -5.44781  0.00236902
         151    -5.44746    -5.44781  0.00235333
         152    -5.40962    -5.44756  0.00235122
         153    -5.43529    -5.44748  0.00233722
         154    -5.39037    -5.44711  0.00235127
         155    -5.46973    -5.44725  0.00234063
         156    -5.47162    -5.44741  0.00233083
         157    -5.47845    -5.44761  0.00232436
         158    -5.48258    -5.44783  0.00232016
         159    -5.46779    -5.44795  0.00230896
         160    -5.45655    -5.44801  0.00229516
         161    -5.44845    -5.44801   0.0022809
         162    -5.44729      -5.448  0.00226683
         163    -5.44635    -5.44799  0.00225294
         164    -5.47182    -5.44814  0.00224389
         165     -5.4371    -5.44807  0.00223129
         166    -5.44131    -5.44803  0.00221822
         167    -5.44434    -5.44801  0.00220504
         168    -5.44516    -5.44799  0.00219198
         169    -5.42542    -5.44786  0.00218308
         170    -5.48057    -5.44805   0.0021787
         171    -5.44897    -5.44806  0.00216597
         172    -5.43062    -5.44796  0.00215574
         173    -5.44843    -5.44796  0.00214328
         174     -5.4649    -5.44806  0.00213318
         175    -5.43625    -5.44799  0.00212205
         176    -5.47445    -5.44814  0.00211532
         177    -5.39388    -5.44783  0.00212546
         178    -5.47325    -5.44797  0.00211831
         179    -5.44898    -5.44798  0.00210648
         180    -5.44339    -5.44796  0.00209493
         181    -5.43627    -5.44789  0.00208435
         182    -5.44549    -5.44788  0.00207294
         183     -5.4322    -5.44779  0.00206338
         184    -5.46769     -5.4479    0.002055
         185    -5.47833    -5.44806  0.00205047
         186    -5.53749    -5.44855  0.00209505
         187    -5.50948    -5.44887  0.00210904
         188    -5.44141    -5.44883  0.00209819
         189    -5.40859    -5.44862  0.00209787
         190    -5.45403    -5.44865  0.00208702
         191    -5.43564    -5.44858  0.00207721
         192    -5.42924    -5.44848  0.00206883
         193    -5.44153    -5.44844  0.00205842
         194    -5.42971    -5.44835  0.00205007
         195    -5.47636    -5.44849  0.00204459
         196    -5.43688    -5.44843  0.00203501
         197    -5.43541    -5.44836  0.00202576
         198    -5.44564    -5.44835  0.00201557
         199    -5.46095    -5.44841  0.00200644
         200    -5.46947    -5.44852  0.00199917
