#     BLOCK:   ACTUAL_P:     P_AVE:       ERROR:
           1     1.62033     1.62033           0
           2      1.6273     1.62381   0.0024672
           3     1.61529     1.62097  0.00284395
           4      1.2246     1.52188   0.0858449
           5     1.53896      1.5253   0.0687439
           6     1.40343     1.50499   0.0602122
           7     1.35817     1.48401   0.0551424
           8     1.27497     1.45788   0.0540877
           9     1.28977      1.4392   0.0512019
          10     1.25429     1.42071   0.0493077
          11     1.62367     1.43916   0.0481536
          12     1.38866     1.43495   0.0443244
          13     1.61325     1.44867   0.0429844
          14     1.39867      1.4451   0.0400621
          15      1.3082     1.43597   0.0384167
          16     1.47528     1.43843   0.0360941
          17     1.38722     1.43542   0.0340964
          18     1.42247      1.4347   0.0322097
          19     1.72126     1.44978   0.0338621
          20     1.57731     1.45616   0.0327639
          21     1.51843     1.45912   0.0313376
          22     1.41434     1.45709   0.0299792
          23     1.66894      1.4663   0.0300576
          24     1.45315     1.46575   0.0288102
          25     1.72399     1.47608   0.0294514
          26     1.58027     1.48009     0.02859
          27     1.49515     1.48064   0.0275365
          28     1.49625      1.4812   0.0265587
          29     1.50147      1.4819   0.0256521
          30     1.67191     1.48823    0.025567
          31     1.80646      1.4985   0.0267237
          32     1.41886     1.49601   0.0260042
          33     1.50805     1.49637   0.0252188
          34      1.6705      1.5015   0.0249916
          35      1.7338     1.50813   0.0251435
          36     1.44525     1.50639   0.0245057
          37     1.49769     1.50615   0.0238445
          38     1.52535     1.50666   0.0232224
          39     1.58187     1.50859   0.0227069
          40      1.6975     1.51331    0.022625
          41     1.50623     1.51314   0.0220738
          42     1.31737     1.50847   0.0220349
          43     1.50393     1.50837   0.0215227
          44     1.10279     1.49915   0.0229226
          45     1.44898     1.49804   0.0224403
          46     1.60453     1.50035   0.0220715
          47     1.35821     1.49733   0.0218081
          48     1.66921     1.50091   0.0216458
          49     1.64642     1.50388   0.0214068
          50     1.48617     1.50352   0.0209816
          51     1.41139     1.50172   0.0206478
          52     1.65849     1.50473   0.0204697
          53     1.55393     1.50566   0.0201045
          54     1.66636     1.50864   0.0199512
          55     1.43387     1.50728   0.0196347
          56     1.33843     1.50426   0.0195142
          57     1.51003     1.50436   0.0191721
          58     1.27772     1.50045   0.0192357
          59      1.4048     1.49883   0.0189778
          60     1.49417     1.49876   0.0186617
          61     1.55457     1.49967   0.0183782
          62     1.80227     1.50455   0.0187186
          63     2.05252     1.51325   0.0203421
          64     1.41163     1.51166   0.0200862
          65     1.49106     1.51134   0.0197796
          66     1.46727     1.51068   0.0194912
          67     1.38467      1.5088   0.0192908
          68     1.33371     1.50622   0.0191782
          69     1.60088     1.50759   0.0189493
          70     1.36932     1.50562   0.0187812
          71     1.44952     1.50483   0.0185333
          72      1.4643     1.50426   0.0182845
          73     1.23345     1.50056   0.0184065
          74     1.54042     1.50109   0.0181656
          75     1.59632     1.50236   0.0179677
          76     1.61093     1.50379    0.017788
          77     1.28588     1.50096   0.0177807
          78     1.43061     1.50006   0.0175756
          79     1.37823     1.49852   0.0174207
          80     1.27351     1.49571   0.0174285
          81     1.39355     1.49444   0.0172589
          82     1.60218     1.49576   0.0170983
          83      1.5225     1.49608   0.0168954
          84     1.28365     1.49355   0.0168824
          85      1.3704      1.4921   0.0167459
          86     1.46039     1.49173   0.0165552
          87     1.43895     1.49113    0.016376
          88     1.64878     1.49292   0.0162876
          89      1.2739     1.49046   0.0162895
          90     1.46843     1.49021   0.0161103
          91     1.46618     1.48995   0.0159355
          92     1.22924     1.48712   0.0160122
          93     1.32833     1.48541   0.0159308
          94     1.29351     1.48337   0.0158916
          95     1.31105     1.48155   0.0158275
          96     1.47867     1.48152   0.0156627
          97     1.62011     1.48295   0.0155662
          98     1.52559     1.48339   0.0154135
          99     1.72594     1.48584   0.0154513
         100     1.16679     1.48265   0.0156227
         101     1.27579      1.4806   0.0156017
         102     1.66395      1.4824   0.0155519
         103     1.41533     1.48174   0.0154145
         104     1.46876     1.48162   0.0152668
         105      1.5107      1.4819    0.015124
         106      1.8139     1.48503   0.0153022
         107      1.7023     1.48706   0.0152933
         108     1.42214     1.48646   0.0151635
         109     1.24422     1.48424   0.0151864
         110     1.46192     1.48403   0.0150497
         111     1.40238      1.4833    0.014932
         112     1.57679     1.48413    0.014822
         113      1.5668     1.48486   0.0147089
         114     1.40745     1.48418   0.0145956
         115     1.31648     1.48273   0.0145413
         116     1.25944      1.4808   0.0145428
         117     1.53282     1.48125   0.0144253
         118     1.65286      1.4827   0.0143762
         119     1.53296     1.48312   0.0142616
         120     1.59725     1.48407   0.0141744
         121     1.44135     1.48372   0.0140616
         122     1.57276     1.48445   0.0139653
         123     1.41351     1.48387   0.0138637
         124     1.23744     1.48189   0.0138936
         125     1.52724     1.48225   0.0137872
         126     1.36292      1.4813   0.0137102
         127     1.49135     1.48138   0.0136025
         128     1.63625     1.48259   0.0135499
         129     1.50307     1.48275   0.0134458
         130     1.43765      1.4824   0.0133469
         131     1.17053     1.48002   0.0134557
         132     1.58322      1.4808   0.0133764
         133     1.48218     1.48081   0.0132758
         134      1.5659     1.48145   0.0131919
         135     1.26621     1.47985   0.0131902
         136     1.61757     1.48087    0.013132
         137     1.20317     1.47884   0.0131917
         138     1.43879     1.47855   0.0130993
         139     1.44113     1.47828   0.0130078
         140     1.63934     1.47943   0.0129657
         141     1.24473     1.47777   0.0129801
         142     1.26965      1.4763   0.0129712
         143     1.37781     1.47561   0.0128988
         144     1.35335     1.47476   0.0128371
         145     1.32568     1.47374   0.0127897
         146     1.46964     1.47371   0.0127021
         147     1.61289     1.47465    0.012651
         148     1.56005     1.47523   0.0125786
         149     1.33685      1.4743   0.0125284
         150     1.42627     1.47398    0.012449
         151     1.35657      1.4732   0.0123908
         152     1.62379      1.4742   0.0123489
         153      1.5225     1.47451   0.0122722
         154     1.86312     1.47703   0.0124492
         155     1.32891     1.47608   0.0124055
         156     1.37368     1.47542   0.0123434
         157     1.42627     1.47511   0.0122687
         158     1.39788     1.47462   0.0122008
         159     1.48356     1.47468   0.0121242
         160     1.35549     1.47393   0.0120713
         161     1.44713     1.47377   0.0119974
         162     1.66726     1.47496   0.0119827
         163     1.57276     1.47556   0.0119242
         164     1.27903     1.47436   0.0119115
         165     1.57917       1.475   0.0118563
         166     1.39216      1.4745   0.0117954
         167     1.47543      1.4745   0.0117247
         168     1.58359     1.47515   0.0116729
         169      1.6024     1.47591   0.0116281
         170     1.43167     1.47565   0.0115626
         171      1.5786     1.47625   0.0115106
         172     1.61823     1.47707   0.0114733
         173      1.5243     1.47735   0.0114102
         174     1.33358     1.47652   0.0113745
         175     1.80032     1.47837    0.011459
         176     1.59916     1.47906   0.0114144
         177     1.89486     1.48141   0.0115892
         178     1.42874     1.48111   0.0115278
         179     1.43308     1.48084   0.0114666
         180     1.45808     1.48071   0.0114036
         181     1.54731     1.48108   0.0113465
         182     1.41373     1.48071   0.0112902
         183     1.58759      1.4813   0.0112436
         184     1.36709     1.48068   0.0111996
         185     1.29905     1.47969    0.011182
         186     1.08566     1.47758   0.0113208
         187     1.20331     1.47611   0.0113549
         188     1.51912     1.47634   0.0112968
         189     1.73173     1.47769   0.0113175
         190     1.50533     1.47783   0.0112589
         191     1.57876     1.47836   0.0112123
         192     1.60329     1.47901   0.0111728
         193     1.67568     1.48003   0.0111613
         194     1.47053     1.47998   0.0111039
         195       1.378     1.47946   0.0110592
         196     1.47001     1.47941   0.0110029
         197     1.55083     1.47977    0.010953
         198     1.54931     1.48013   0.0109033
         199     1.49374     1.48019   0.0108488
         200     1.40093      1.4798   0.0108017
