         1.25039        0.317567        -2.43482
        -1.33235        -1.48474        0.175462
         1.30149         1.02296       -0.426545
      -0.0449286         1.26574        -1.36024
         1.59685        0.111154         1.34286
        0.294668       -0.328875       -0.623643
        0.217775         1.74028        -1.12109
        0.539754        0.402616        0.282395
      -0.0629918       -0.778626        0.287594
        -2.01605       -0.981031        0.678903
        -1.56942        -1.02692       -0.176466
         0.24466        0.441692        -1.58597
        0.822352         1.26473         0.47911
         2.94024        -1.03453        0.342075
        -0.20305       -0.271879         1.20186
       -0.542765       -0.400345         1.03058
       -0.466439        0.182598        -1.36112
       -0.684494        -0.29901        -1.59144
        0.454839        -1.95068       -0.242591
         1.12367        0.266698         0.50608
        -1.35006       -0.344444       -0.223164
         1.18249       -0.831723          1.3815
       -0.519651        -1.49866       -0.875057
        -2.28181        0.878846       -0.376331
        0.995225       0.0936722         -1.1757
         -1.2162       -0.849742        -0.44189
         1.99044         1.52542          2.4924
       0.0303397       -0.497907        -2.42946
      -0.0753329       -0.194297       -0.931038
        0.738155        0.129851        -1.40588
       -0.277087      -0.0725623        0.451536
       -0.636986         2.70723        -1.64202
        0.390642         0.50836        0.292659
       -0.843964        0.718686        0.890886
       -0.248894        0.561287       -0.540208
       -0.616193       -0.669477        0.109415
        -0.54965        0.296527         1.06722
       -0.407348         1.38796          -1.454
       -0.143388       -0.567434         1.13398
          1.5405       -0.645469       0.0384802
       -0.666812        0.583664        0.875739
       -0.178079        0.247816       0.0062675
        -1.16605        -1.53871         1.45302
       -0.986218        0.659965       -0.855486
       -0.246118        0.887511         2.28533
        -2.40791       -0.316706       -0.853301
        0.532377         0.47686        0.307489
        -1.59124        -1.24675        0.465556
          1.5527         1.59431       -0.523905
        0.929811        -1.25643        -1.33157
        -1.68177        0.646652        0.482094
       -0.177252        0.311296         1.21432
       0.0316227        -1.44985        -2.06411
          1.8862        0.296091        -1.56613
        0.643396       -0.818467        0.676622
        0.764006        -1.81404        0.294608
       -0.815478         1.65867        -1.01933
         1.75685         0.96731          1.1523
       0.0323919        0.436542         1.63125
        -1.13656        0.373967        0.516323
        -1.72996        0.676823        0.333093
        -1.71596        -1.55746       -0.243636
         1.13661        0.743201        -0.46891
       -0.521879        0.202054        0.882583
        -1.33176        0.221225       -0.651778
         1.69786        0.364214        0.827687
        0.614364    -0.000902209      -0.0425317
        0.458368        0.824287       -0.711894
         1.30616        0.910462         0.33896
        0.382951        -1.74216        -1.84651
        0.413476         2.31633        0.159127
          1.0309        -2.03681        -1.74088
       -0.790109        0.586487       -0.549991
         1.13711        0.839848          2.8254
       -0.326166         1.66852       -0.479794
          1.0776        -1.21098        0.346021
       -0.470647        0.639793     -0.00806798
       -0.933315        -1.75194        0.016527
       -0.714256        -1.72346        -1.08208
       -0.130637        -1.62912       0.0408762
       -0.830597         2.43563        -1.76189
       -0.346576       -0.129727        0.502826
        -1.71244         1.25049         1.67265
       -0.581417         1.04905         1.84238
       -0.106376        -2.17142         1.26928
        0.160396       -0.581492       -0.531901
         2.04697        -1.58566       -0.515198
       -0.805059         2.06182         1.23871
        0.127838       0.0848083         0.48275
        -1.76679        -2.55221        -1.04336
       -0.873473        -1.70989         1.03634
       -0.231136       -0.364881         -1.5455
        0.741753         1.12582         1.00744
         1.35201        0.094352       -0.173733
         0.95526        -1.54372         1.05209
       -0.792612         0.10175        0.247684
         1.01654       -0.403256       -0.401644
       -0.144357        -1.16964        0.837892
        0.984714        0.580046        0.302479
       -0.161179       -0.318405       0.0753733
        0.120436         0.73861         1.53139
        0.739761        0.418822        -1.15437
        0.393172        -2.13554        -1.23525
        0.844517        0.758008         1.50974
        -1.22177         0.79952       -0.388715
        0.381107         1.29171        0.512551
       -0.109307        0.085356        0.383196
        0.586595         1.65439        0.389163
