#     BLOCK:  ACTUAL_PE:     PE_AVE:      ERROR:
           1   -0.386106   -0.386106           0
           2   -0.390185   -0.388145  0.00144195
           3   -0.375823   -0.384038  0.00348877
           4    -0.37351   -0.381406  0.00347023
           5   -0.369513   -0.379027  0.00349764
           6   -0.395054   -0.381698  0.00380014
           7   -0.405031   -0.385032  0.00448694
           8   -0.393256    -0.38606  0.00404212
           9   -0.371613   -0.384454  0.00389871
          10   -0.350359   -0.381045  0.00477228
          11   -0.361114   -0.379233  0.00466974
          12   -0.334413   -0.375498  0.00557771
          13   -0.327211   -0.371784  0.00626452
          14   -0.361259   -0.371032  0.00586198
          15   -0.381116   -0.371704   0.0055096
          16   -0.385496   -0.372566  0.00523224
          17   -0.340449   -0.370677  0.00525449
          18    -0.34669   -0.369344  0.00512877
          19   -0.321636   -0.366833  0.00543887
          20   -0.345824   -0.365783  0.00526739
          21   -0.415394   -0.368145  0.00552098
          22    -0.38532   -0.368926  0.00532493
          23   -0.404599   -0.370477   0.0053145
          24   -0.437106   -0.373253  0.00577282
          25   -0.460526   -0.376744  0.00651243
          26   -0.421987   -0.378484  0.00649027
          27   -0.416546   -0.379894  0.00640116
          28    -0.45422   -0.382548  0.00670038
          29   -0.450893   -0.384905   0.0068713
          30   -0.433323   -0.386519  0.00682917
          31   -0.468954   -0.389178  0.00710778
          32   -0.506486   -0.392844  0.00777373
          33   -0.466574   -0.395078  0.00785268
          34   -0.518169   -0.398699  0.00841497
          35   -0.462087    -0.40051  0.00836716
          36   -0.421527   -0.401094  0.00815508
          37   -0.436747   -0.402057   0.0079914
          38   -0.384147   -0.401586  0.00779499
          39    -0.42065   -0.402075  0.00761043
          40   -0.425458   -0.402659  0.00744259
          41   -0.407322   -0.402773  0.00726193
          42   -0.428546   -0.403387  0.00711491
          43   -0.479438   -0.405155   0.0071659
          44   -0.457768   -0.406351   0.0071021
          45   -0.402668   -0.406269  0.00694475
          46   -0.389982   -0.405915   0.0068028
          47   -0.420748   -0.406231  0.00666537
          48   -0.407597   -0.406259  0.00652657
          49   -0.393221   -0.405993   0.0063988
          50   -0.396913   -0.405811   0.0062734
          51   -0.403586   -0.405768  0.00615054
          52   -0.383188   -0.405334  0.00604757
          53   -0.373915   -0.404741  0.00596245
          54   -0.369603    -0.40409  0.00588743
          55   -0.404909   -0.404105  0.00578041
          56   -0.433362   -0.404627  0.00570075
          57   -0.389296   -0.404358  0.00560708
          58   -0.384353   -0.404014    0.005521
          59   -0.428959   -0.404436  0.00544359
          60   -0.428989   -0.404846  0.00536822
          61   -0.417075   -0.405046  0.00528396
          62   -0.419195   -0.405274  0.00520366
          63   -0.417111   -0.405462  0.00512446
          64   -0.512162   -0.407129  0.00530866
          65   -0.474589   -0.408167  0.00532747
          66   -0.439525   -0.408642   0.0052679
          67   -0.365134   -0.407993  0.00522915
          68   -0.330445   -0.406853  0.00527513
          69   -0.348398   -0.406005  0.00526627
          70   -0.399925   -0.405918  0.00519175
          71   -0.427012   -0.406216  0.00512712
          72   -0.434365   -0.406607   0.0050708
          73   -0.429887   -0.406925  0.00501135
          74   -0.431179   -0.407253  0.00495434
          75   -0.455305   -0.407894  0.00492953
          76   -0.404606   -0.407851  0.00486486
          77   -0.386916   -0.407579  0.00480927
          78   -0.390219   -0.407356  0.00475276
          79   -0.425956   -0.407592  0.00469843
          80   -0.362584   -0.407029  0.00467326
          81   -0.375319   -0.406638  0.00463193
          82   -0.363477   -0.406111  0.00460525
          83   -0.356604   -0.405515  0.00458823
          84   -0.360009   -0.404973  0.00456548
          85   -0.365038   -0.404503  0.00453588
          86   -0.367052   -0.404068  0.00450399
          87   -0.377777   -0.403766  0.00446235
          88   -0.431485   -0.404081  0.00442275
          89   -0.465869   -0.404775  0.00442721
          90   -0.453518   -0.405316  0.00441102
          91   -0.436908   -0.405664  0.00437618
          92   -0.474519   -0.406412  0.00439215
          93   -0.464669   -0.407038  0.00438937
          94   -0.473485   -0.407745  0.00439922
          95   -0.490687   -0.408618   0.0044387
          96   -0.484313   -0.409407  0.00446195
          97   -0.444318   -0.409767  0.00443044
          98   -0.365138   -0.409311  0.00440858
          99   -0.384368   -0.409059  0.00437124
         100   -0.415546   -0.409124  0.00432801
         101   -0.388311   -0.408918  0.00429006
         102   -0.382835   -0.408662  0.00425562
         103   -0.364347   -0.408232  0.00423599
         104   -0.340951   -0.407585  0.00424437
         105   -0.352295   -0.407059  0.00423649
         106   -0.390551   -0.406903  0.00419938
         107   -0.348888   -0.406361  0.00419499
         108   -0.387303   -0.406184  0.00415986
         109   -0.398216   -0.406111  0.00412234
         110   -0.396195   -0.406021  0.00408585
         111   -0.432599    -0.40626  0.00405605
         112   -0.402031   -0.406223  0.00402001
         113   -0.375331   -0.405949  0.00399372
         114   -0.386897   -0.405782  0.00396218
         115   -0.377915    -0.40554  0.00393513
         116   -0.364731   -0.405188   0.0039169
         117   -0.345955   -0.404682  0.00391601
         118   -0.397105   -0.404618  0.00388335
         119   -0.351284   -0.404169  0.00387649
         120   -0.300729   -0.403307  0.00393886
         121   -0.318767   -0.402609  0.00396779
         122   -0.371358   -0.402353  0.00394353
         123   -0.380823   -0.402178  0.00391535
         124   -0.386291   -0.402049  0.00388587
         125   -0.366536   -0.401765  0.00386515
         126   -0.355839   -0.401401  0.00385163
         127   -0.383853   -0.401263  0.00382378
         128   -0.372451   -0.401038  0.00380052
         129   -0.403232   -0.401055   0.0037711
         130   -0.382757   -0.400914  0.00374472
         131   -0.381936   -0.400769  0.00371893
         132   -0.350209   -0.400386  0.00371043
         133   -0.342179   -0.399948  0.00370825
         134   -0.355103   -0.399614  0.00369565
         135   -0.377322   -0.399449  0.00367196
         136   -0.336084   -0.398983   0.0036744
         137   -0.327457   -0.398461  0.00368448
         138   -0.369333   -0.398249  0.00366383
         139   -0.345054   -0.397867   0.0036574
         140   -0.356659   -0.397572   0.0036431
         141   -0.405342   -0.397628  0.00361768
         142   -0.396894   -0.397622  0.00359221
         143   -0.408198   -0.397696  0.00356785
         144   -0.358151   -0.397422  0.00355362
         145   -0.334499   -0.396988  0.00355551
         146   -0.342226   -0.396613  0.00355089
         147   -0.395745   -0.396607  0.00352674
         148    -0.38874   -0.396554  0.00350331
         149   -0.363216    -0.39633  0.00348694
         150   -0.340441   -0.395957  0.00348354
         151   -0.346699   -0.395631  0.00347571
         152   -0.348906   -0.395324  0.00346641
         153   -0.386122   -0.395264  0.00344427
         154   -0.444364   -0.395582  0.00343663
         155    -0.44873   -0.395925  0.00343153
         156   -0.453048   -0.396291  0.00342901
         157   -0.446418   -0.396611    0.003422
         158   -0.393148   -0.396589  0.00340041
         159    -0.37821   -0.396473  0.00338099
         160   -0.366537   -0.396286  0.00336503
         161   -0.391473   -0.396256  0.00334426
         162   -0.426273   -0.396441  0.00332875
         163   -0.395773   -0.396437  0.00330833
         164   -0.400095    -0.39646  0.00328823
         165   -0.364652   -0.396267  0.00327395
         166   -0.377812   -0.396156  0.00325611
         167    -0.40726   -0.396222   0.0032373
         168   -0.363737   -0.396029   0.0032238
         169    -0.35719   -0.395799   0.0032129
         170   -0.337763   -0.395458  0.00321209
         171   -0.314429   -0.394984  0.00322807
         172    -0.30653    -0.39447     0.00325
         173   -0.319003   -0.394033  0.00326036
         174   -0.362721   -0.393853  0.00324659
         175   -0.419757   -0.394001  0.00323141
         176   -0.453043   -0.394337  0.00323041
         177   -0.488061   -0.394866  0.00325527
         178   -0.523694    -0.39559  0.00331646
         179   -0.472669   -0.396021  0.00332577
         180    -0.44894   -0.396315  0.00332027
         181   -0.436613   -0.396537  0.00330938
         182   -0.465718   -0.396917  0.00331295
         183     -0.3941   -0.396902  0.00329489
         184   -0.382836   -0.396826  0.00327787
         185   -0.434981   -0.397032  0.00326663
         186    -0.46066   -0.397374  0.00326693
         187   -0.438554   -0.397594  0.00325687
         188   -0.403199   -0.397624  0.00323969
         189   -0.378739   -0.397524  0.00322408
         190   -0.374686   -0.397404  0.00320936
         191   -0.432486   -0.397588   0.0031978
         192   -0.436644   -0.397791  0.00318761
         193   -0.471588   -0.398173  0.00319395
         194   -0.407146    -0.39822  0.00317782
         195   -0.420083   -0.398332   0.0031635
         196   -0.458827    -0.39864  0.00316238
         197   -0.453501   -0.398919  0.00315857
         198      -0.477   -0.399313  0.00316713
         199    -0.49373   -0.399788  0.00318656
         200   -0.469871   -0.400138  0.00318984
