         0.63455       -0.708451        0.089008
        0.852225        0.579348        0.295233
         1.87917        -0.37275        -2.72125
       -0.535609        0.389533     -0.00377423
        0.231267        -2.36071       -0.765562
         1.22246       -0.809643        -1.55961
        0.104233         1.54719       -0.715219
        0.292911        0.828465       -0.972157
     -0.00401983         1.28307      -0.0549935
       -0.864154       -0.604307      -0.0121831
         0.19511        0.840319        0.211938
        -1.50252       -0.682178        0.202495
         1.53248       -0.782542        -1.13117
        0.579539         1.32711        0.615576
        0.943802        0.741997        0.422375
       -0.739229        0.267429        0.171651
        0.416799       -0.923697        0.365477
      0.00827255       -0.868155       0.0689044
         1.40355         1.50532        0.315465
       -0.146103        -1.38818       -0.112438
       -0.454504         1.09706       -0.486834
         -1.8282         0.31231        -2.97952
       -0.207923       -0.161662       -0.437946
       -0.249975       -0.643773         1.09198
       0.0502761        0.851092        -1.32439
         2.99958        0.489087        -1.66013
         1.67572       -0.273276       -0.127521
         1.37954       -0.791694         1.57911
        -1.11305         2.33307       0.0233821
       0.0370759       -0.276455         1.60921
        -0.17841       -0.175578         1.51582
        -1.27193        -1.04868        0.710043
         1.33458        -1.93464         1.50434
        -1.28541        -1.14953       -0.829801
        -1.97683       -0.437062        0.770802
        0.149797        -0.77072        -1.32672
         0.52379       -0.985055        0.232004
       -0.128223        0.266945         1.79906
          0.2606        0.992554         2.35021
         -1.2102      0.00433434         3.07184
       -0.981192          1.1045         1.03928
       -0.105758       -0.721179        0.225946
       -0.247755        0.185083        -1.10937
        0.564788        0.102902         1.19592
         2.33058        0.511832         -2.1107
       0.0996573       -0.485298       -0.757569
         1.67957         1.02751        0.223364
         1.83669       -0.832514        -0.69717
        0.351215       -0.314078        0.324018
       -0.164853         1.04356        -0.10205
        -3.47569         1.39086        -1.77174
        0.317725         1.27569        0.494784
        0.895407         2.02728       -0.736431
        0.238029        -1.19998       -0.416747
         1.32727       -0.319222       -0.316636
         -0.1486        0.033516       -0.775954
      -0.0771479        -1.37903        0.379477
        0.293949       -0.208124       -0.823929
         1.25499        -1.52563       -0.128429
         -1.3496       -0.882332        0.254187
       -0.718028       0.0238937        -1.64816
         1.60442         2.36796       -0.141077
         1.10799         2.36176         2.03397
        -1.41406        -1.49722        0.171849
         1.44446       -0.104432        0.308157
        -2.13822       -0.196352         1.01126
         0.54943        0.245575       -0.403803
        -1.63433         1.35925        0.510228
       -0.296891       -0.912026          1.3414
         1.49828       -0.925685       -0.217247
       -0.723923       -0.331306         2.41036
        -0.65532        0.864751        0.703035
         1.98624        0.318938         1.08266
         1.49895        0.401575        0.510524
         1.27005        0.820475        0.114705
        0.224635        -1.20887        0.907654
        0.624973        0.651771        -2.09542
       0.0994011        0.451714        -1.88882
     -0.00625941         1.10295       -0.212096
         1.15117       -0.527431       -0.252923
       -0.418276       -0.527766        -1.59242
        -1.24444        0.424698       -0.255836
        0.660342        0.222564        -1.01533
         -2.3821       -0.697512        0.610791
       -0.717926       -0.866458        -1.39891
        0.145472        -1.57587        0.907218
       -0.680627         1.58903          3.0125
       -0.215106        0.560772        0.354262
       -0.492374        0.310942       -0.131361
      -0.0616237         1.79509        0.173794
        0.502968       -0.388055        0.783374
        -2.11405        0.413521       -0.335622
        -2.60644       -0.577847       -0.428854
         1.26219       -0.449022        0.917283
        0.239709        -1.40552       -0.197349
        -1.11503       -0.732321         2.56792
       -0.738518          -1.376          1.0218
        -1.15653       0.0109351       -0.952519
       -0.262119        -2.09312       -0.546974
        -1.23035       -0.466955        -0.21404
        -0.72241         2.22016        -1.32357
        -1.63677       -0.221713        0.414035
       0.0529723        0.398452        0.957785
        0.403909        0.723338        -1.57793
        0.233293       0.0546547         0.41332
        0.529003       -0.183824         0.80321
        -1.54249        0.254615        -1.77441
        0.184045        -1.02691        -1.62339
